825	3238
823	3142
824	3139
818	16250
819	16118
816	4891
817	2141
814	2085
811	3247
808	16005
810	16223
807	16490
806	16116
802	2225
801	2524
800	3147
798	2289
799	2431
797	16029
796	15110
795	2189
793	16596
793	2392
792	2179
790	1949
791	2308
789	2299
788	2062
787	2382
783	16266
784	16536
779	2161
782	16065
772	16006
770	16535
769	16050
765	2109
760	16472
757	16586
757	1940
756	1965
755	2011
754	2242
753	16461
750	2363
751	2236
749	2201
748	2273
746	2243
745	2296
741	2180
744	2240
740	2207
739	2091
738	3145
736	2425
733	2270
732	2303
731	2282
730	2278
729	2377
728	2087
726	2290
725	2148
724	2394
723	16483
723	16386
723	2291
722	2090
720	2219
719	2217
717	2176
715	2056
716	2061
713	2360
714	2404
712	2143
709	2107
710	2315
707	1931
705	2501
704	2245
703	2155
701	2320
700	1970
697	2123
699	2376
695	2221
693	2175
692	2298
691	2226
689	2156
690	2160
688	2397
685	2102
687	2178
683	2096
681	2305
679	2343
680	2254
676	2529
677	2177
678	2438
675	2379
673	2293
674	2508
672	2302
671	2402
670	2398
667	2491
668	2434
666	16286
665	2066
666	2277
663	16600
664	2482
663	2173
661	2280
662	2416
659	2513
660	2065
657	2314
656	2283
653	2341
651	1948
650	2326
649	2370
646	2383
647	2478
644	2469
645	2170
643	2039
642	2110
641	2294
640	2530
636	2276
638	2212
635	2520
634	2002
632	3538
633	2003
631	2338
630	2310
629	2309
628	2407
627	2396
626	2153
624	2503
625	2128
621	2191
622	2450
620	2477
618	2068
616	2116
615	2196
613	2332
614	2451
612	2462
612	2358
611	2514
609	2498
610	2142
608	2521
607	2292
606	2111
605	1964
604	1961
603	1967
602	16590
602	2067
601	2209
600	2479
599	2495
598	2517
596	2511
597	2483
595	2494
594	2052
593	2088
591	2507
592	2456
589	2167
590	2166
587	2519
588	2488
585	2010
586	2214
584	2190
583	2051
581	2188
582	2171
580	2257
579	2147
578	2233
578	2232
577	2231
576	2285
576	2525
575	2528
574	2459
574	2158
572	2106
573	2480
571	2097
569	2095
570	2094
568	16447
568	2093
567	2092
566	16320
565	2120
564	1923
562	2406
563	2281
561	2497
560	2288
555	10003
558	15027
555	2502
554	2089
553	16597
552	2368
553	2311
550	2510
549	2055
547	2014
546	2354
545	2515
544	16004
543	16056
542	16214
541	2168
540	2364
538	15100
537	3231
536	16153
536	2036
535	2215
534	15121
533	2004
532	2008
531	16602
531	2071
529	2496
530	2275
528	2405
527	2489
526	2258
525	2348
523	2224
522	16227
519	2366
517	2380
515	2325
512	2499
513	2241
511	2146
509	2204
507	16479
504	2492
505	2035
506	2246
501	16030
500	16014
499	2165
498	16341
498	2312
496	2151
495	16145
494	2206
493	2274
492	2490
491	2145
489	2227
487	1968
486	16152
486	2453
485	2163
484	2162
482	2063
483	2154
480	2202
478	2200
477	2263
475	10022
474	2228
473	2297
470	2252
471	2323
469	16593
468	16594
469	2248
467	2485
468	2251
466	2253
465	2249
464	2250
463	15069
462	2272
461	2199
460	2205
459	2468
457	1436
458	2218
456	2157
455	3146
454	16281
453	2467
452	2384
451	4861
449	2112
450	2244
448	2295
447	2193
446	2203
445	16142
444	16604
444	2072
442	16069
441	16269
440	2138
437	2117
438	2330
435	2198
436	2213
431	2316
432	2033
430	2319
427	2279
428	16391
429	2317
424	15117
419	16139
421	2369
416	16517
414	2426
411	2374
408	3165
410	16396
407	3148
406	2186
405	2223
404	15017
401	16025
400	2187
398	16523
399	2144
398	3141
396	2101
395	2356
394	16275
393	3162
390	2220
389	1986
387	1966
388	1952
386	1999
385	2027
384	1988
383	2301
382	2140
381	2152
379	2057
380	2100
378	2049
379	16513
377	2174
376	2125
374	2129
369	2260
370	2104
373	1953
368	2261
367	2134
366	2135
364	2460
365	2005
363	2255
362	1997
361	16559
354	16289
355	16435
347	16367
346	16166
345	16330
344	16024
343	16314
342	16251
341	16283
340	16345
336	15103
338	16103
335	15101
334	16105
332	15108
330	3261
329	2029
327	1998
328	2504
326	2304
325	2159
324	2433
322	16484
323	3159
317	2045
312	2015
313	15118
314	15956
311	10002
308	1978
309	2421
310	3340
307	2509
306	2357
305	2284
304	1947
302	1954
303	1950
301	2048
300	2234
299	2347
298	2195
297	2126
296	2023
294	2472
292	2058
293	1960
290	2235
289	1979
287	2237
286	2137
284	2471
285	2349
283	2361
282	1995
281	1982
280	1946
276	1987
272	16278
275	1980
268	16353
268	16351
268	16352
268	16417
265	16273
264	15112
261	2000
262	1962
260	1955
259	2430
257	2018
258	16228
256	2017
255	2512
254	2264
250	10099
247	2355
248	16017
246	2300
244	2307
245	2313
243	2239
242	1983
237	16379
235	16310
237	16325
229	16060
228	15966
227	3539
224	2222
223	2115
221	1977
216	16023
219	2133
214	1996
213	1951
212	16013
211	2020
210	1991
209	2044
208	1435
207	2139
206	2113
205	2418
204	1975
203	2081
202	2268
200	2455
199	2395
198	2131
196	2053
192	1994
193	16028
191	1989
190	1959
189	2040
188	2025
186	2473
183	4898
182	10034
181	3140
176	2194
179	2118
180	2077
176	4880
175	1958
174	1990
173	1974
172	2419
171	2046
170	2532
169	2340
167	1973
166	16238
165	2130
166	2024
164	1993
163	2124
159	2346
157	16315
158	16236
155	16018
154	16259
152	15086
151	2211
149	1434
148	2034
147	2373
146	2440
145	1971
144	2210
143	1939
141	10060
140	16239
139	16582
139	2028
138	3143
137	2047
136	2050
134	16394
133	1969
132	2391
131	16288
129	2403
130	2037
128	2427
127	2415
118	1972
120	2064
116	2353
115	2339
114	16598
113	2267
114	2388
112	2041
111	2021
110	2080
108	2266
109	2265
107	2464
107	2019
106	2389
105	2042
103	1976
102	2070
101	16606
101	1992
100	2229
99	3257
98	16584
98	2238
96	2375
97	2345
95	2031
94	16475
94	16599
91	16390
92	16488
90	16346
89	4894
88	4893
85	15974
84	15084
83	16449
81	3151
78	16587
78	4895
75	16540
74	16473
73	2083
72	16291
71	2531
71	16546
70	10004
69	2012
68	15006
67	2523
65	2324
63	16592
63	2026
62	2259
59	15087
58	2344
57	2030
56	2446
55	2350
53	2073
54	2390
52	2007
52	16588
51	2452
50	2342
49	2038
43	16027
44	16049
42	10019
41	16102
40	16258
39	16034
38	16585
38	4899
37	2322
36	3144
35	2424
34	2527
33	2230
32	2006
31	2009
30	16589
30	2013
29	4892
28	16042
27	2385
26	2169
25	4853
24	16165
23	2372
18	16041
17	2387
16	16263
15	2043
13	2069
14	2105
11	2386
12	2127
9	2470
6	16104
5	15985
3	16257
4	3150
2	2060
832	16026
834	15967
835	16107
836	16215
839	16282
840	10065
842	4887
843	3428
844	3426
845	3430
846	16033
848	4840
850	16380
851	10098
852	16015
853	16225
854	10035
855	3368
856	4831
857	16016
859	16213
863	2103
867	16432
868	16146
872	16022
874	16003
875	16164
876	16221
877	16235
880	16234
883	16285
885	16297
889	16295
891	16313
892	16242
894	16402
895	16317
895	16581
897	16431
897	16591
897	16265
898	16252
905	16541
909	16430
937	16316
944	16556
965	16557
971	16292
977	16255
981	16420
984	2441
992	16429
1001	15961
1008	16442
1011	16440
1021	2074
1022	16312
1040	16271
1043	16154
1048	16462
1049	16150
1050	16151
1051	16115
1052	15111
1053	16326
1054	16308
1056	16441
1072	16580
1078	16552
1079	16299
1087	16279
1095	16439
1098	15109
1101	16309
1131	2082
1139	16550
1140	2461
1172	16451
1184	2016
1206	2329
1211	16482
1213	16366
1214	16369
1229	16553
1247	16374
1251	16384
1264	15096
1289	16348
1304	2132
1328	16143
1358	1963
1514	2108
1594	16324
1645	16141
