15	5万以下	3.69	4.69	3.69,4.09,4.69,3.69,4.09,4.69,	官方出厂价格	2012-05-07 20:00:00
583	5万以下	3.49	3.69	3.49,3.69,	官方出厂价格	2012-05-07 20:00:00
5	5万以下	3.89	5.89	3.89,4.19,4.49,4.79,5.89,	官方出厂价格	2012-05-07 20:00:00
4	5万以下	2.99	4.89	3.69,3.99,4.39,4.49,4.89,2.99,3.29,3.59,4.29,3.99,4.59,4.69,4.19,	官方出厂价格	2012-05-07 20:00:00
14	5万-15万	4.39	5.99	4.99,4.39,4.79,5.29,5.19,5.59,5.69,5.99,	官方出厂价格	2012-05-07 20:00:00
16	15万-25万	16.98	26.88	16.98,19.78,22.88,26.88,20.98,26.18,	官方出厂价格	2012-05-07 20:00:00
580	5万以下	3.99	5.05	3.99,4.29,4.10,4.40,4.75,5.05,4.34,3.99,4.29,	官方出厂价格	2012-05-07 20:00:00
8	5万以下	3.58	4.58	3.58,3.78,4.08,4.58,	官方出厂价格	2012-05-07 20:00:00
25	5万以下	2.98	4.38	2.98,3.48,3.78,4.38,3.38,3.58,3.88,4.28,	官方出厂价格	2012-05-07 20:00:00
6	5万-15万	5.18	6.58	5.18,5.78,6.08,6.58,5.98,	官方出厂价格	2012-05-07 20:00:00
729	5万-15万	3.78	6.98	3.78,4.38,4.78,4.58,5.58,5.98,5.88,6.18,6.28,6.98,	官方出厂价格	2012-05-07 20:00:00
791	5万以下	4.08	5.68	4.08,4.38,4.38,4.68,4.78,5.18,5.28,5.68,	官方出厂价格	2012-05-07 20:00:00
26	5万-15万	4.49	6.29	4.49,4.99,5.89,5.39,6.29,	官方出厂价格	2012-05-07 20:00:00
582	5万-15万	3.68	5.80	3.68,4.91,5.02,5.57,5.03,5.08,5.18,5.38,5.80,	官方出厂价格	2012-05-07 20:00:00
27	5万以下	3.08	5.09	3.09,3.29,3.59,3.79,4.59,5.09,3.79,4.29,3.08,3.20,3.38,3.88,3.70,4.18,4.58,4.78,5.08,	官方出厂价格	2012-05-07 20:00:00
11	5万以下	3.98	5.48	3.98,4.28,4.48,4.78,4.98,5.48,	官方出厂价格	2012-05-07 20:00:00
17	5万-15万	5.50	6.90	5.50,5.80,6.20,6.50,6.90,	官方出厂价格	2012-05-07 20:00:00
29	5万以下	3.88	5.49	3.99,4.29,4.59,5.49,4.52,3.88,4.18,4.58,4.98,5.38,	官方出厂价格	2012-05-07 20:00:00
23	5万以下	4.18	6.08	4.18,4.48,4.88,5.18,4.18,4.48,4.68,6.08,	官方出厂价格	2012-05-07 20:00:00
733	15万-25万	11.50	22.50	11.50,12.40,14.89,13.80,14.80,16.80,17.80,14.99,15.80,15.88,16.80,18.80,19.80,22.50,	官方出厂价格	2012-05-07 20:00:00
692	5万以下	4.49	5.28	4.49,4.69,4.98,5.19,5.28,	官方出厂价格	2012-05-07 20:00:00
2	5万以下	3.98	4.98	3.98,4.33,4.28,4.58,4.98,3.98,4.33,4.68,4.28,4.58,4.98,	官方出厂价格	2012-05-07 20:00:00
24	5万-15万	7.78	8.88	7.78,8.88,	官方出厂价格	2012-05-07 20:00:00
874	5万以下	2.08	2.58	2.08,2.38,2.58,	官方出厂价格	2012-05-07 20:00:00
59	15万-25万	22.48	28.98	22.48,24.98,28.98,	官方出厂价格	2012-05-07 20:00:00
878	5万-15万	5.38	8.68	5.38,5.88,6.51,6.51,6.88,7.51,8.68,	官方出厂价格	2012-05-07 20:00:00
56	15万-25万	23.80	27.80	23.80,27.80,	官方出厂价格	2012-05-07 20:00:00
585	5万-15万	7.98	11.98	7.98,8.98,9.42,10.42,11.98,	官方出厂价格	2012-05-07 20:00:00
755	5万-15万	9.68	15.98	9.68,10.68,11.68,12.68,12.98,14.98,15.98,9.68,10.68,11.68,10.68,11.68,12.98,14.98,	官方出厂价格	2012-05-07 20:00:00
63	5万-15万	7.18	10.58	7.48,8.58,8.38,9.48,9.48,10.58,7.18,8.28,8.08,9.18,9.18,10.28,	官方出厂价格	2012-05-07 20:00:00
57	15万-25万	22.68	26.58	22.68,23.58,26.58,	官方出厂价格	2012-05-07 20:00:00
39	5万-15万	4.99	7.09	4.99,5.39,5.49,6.29,6.39,7.09,	官方出厂价格	2012-05-07 20:00:00
757	5万-15万	5.39	7.29	5.79,6.09,6.29,6.79,5.69,5.99,6.19,6.59,6.89,7.29,5.39,5.69,5.99,6.19,6.59,6.89,6.89,7.29,	官方出厂价格	2012-05-07 20:00:00
36	5万-15万	6.59	8.99	6.79,7.79,7.59,7.99,8.99,6.59,6.99,7.99,	官方出厂价格	2012-05-07 20:00:00
850	5万-15万	6.29	7.29	6.29,7.29,	官方出厂价格	2012-05-07 20:00:00
684	5万-15万	5.59	7.89	6.09,6.49,6.29,6.69,6.09,5.99,6.29,6.39,6.49,6.39,6.49,7.49,6.79,6.89,7.89,5.59,5.99,6.99,7.39,7.89,5.89,6.29,	官方出厂价格	2012-05-07 20:00:00
601	5万-15万	8.58	12.59	8.59,9.49,10.69,11.89,9.99,11.19,12.39,11.39,12.59,8.58,9.08,10.28,10.08,11.28,	官方出厂价格	2012-05-07 20:00:00
704	15万-25万	14.88	16.66	14.88,16.66,	官方出厂价格	2012-05-07 20:00:00
33	5万-15万	8.95	12.39	8.95,9.75,9.14,9.94,9.99,10.79,9.99,10.79,11.89,12.39,	官方出厂价格	2012-05-07 20:00:00
691	5万-15万	8.70	10.68	8.70,9.30,8.88,9.48,9.48,10.08,10.68,	官方出厂价格	2012-05-07 20:00:00
744	5万-15万	7.99	11.29	7.99,8.99,9.79,10.19,10.99,11.29,10.38,11.18,7.99,8.99,9.79,10.99,	官方出厂价格	2012-05-07 20:00:00
746	5万-15万	5.98	6.64	5.98,6.18,6.28,6.44,6.64,	官方出厂价格	2012-05-07 20:00:00
62	5万-15万	6.18	6.98	6.18,6.58,6.98,	官方出厂价格	2012-05-07 20:00:00
67	5万-15万	5.39	7.19	5.39,5.89,6.69,6.89,6.29,6.59,6.99,6.39,7.19,	官方出厂价格	2012-05-07 20:00:00
656	5万以下	3.38	5.58	3.98,4.28,4.48,4.68,3.38,3.98,4.38,4.48,4.68,4.18,4.88,4.78,5.58,	官方出厂价格	2012-05-07 20:00:00
745	5万-15万	4.88	6.38	4.88,5.08,5.38,5.48,5.68,5.68,5.48,5.78,6.08,6.38,5.58,5.88,	官方出厂价格	2012-05-07 20:00:00
732	5万-15万	4.88	6.38	4.88,5.08,5.38,5.48,5.68,5.68,5.38,5.78,5.78,6.08,6.08,5.48,5.78,6.08,6.38,5.58,5.68,	官方出厂价格	2012-05-07 20:00:00
877	5万-15万	6.98	9.98	6.98,7.78,8.28,9.98,6.98,7.78,9.98,	官方出厂价格	2012-05-07 20:00:00
725	5万以下	3.48	5.49	3.65,3.85,4.15,4.89,5.29,4.45,5.49,4.89,5.29,3.48,3.78,4.08,	官方出厂价格	2012-05-07 20:00:00
589	5万以下	4.18	5.28	4.18,4.68,5.28,4.18,4.58,5.18,4.68,5.28,	官方出厂价格	2012-05-07 20:00:00
663	5万-15万	6.28	10.66	6.28,6.98,7.28,6.28,6.98,7.28,8.76,9.16,9.66,9.98,10.66,8.76,9.16,9.66,9.98,10.66,	官方出厂价格	2012-05-07 20:00:00
832	5万-15万	5.49	6.19	5.49,5.89,6.19,	官方出厂价格	2012-05-07 20:00:00
645	5万-15万	5.98	9.18	6.08,6.98,7.98,8.18,9.18,8.18,9.18,7.48,8.48,5.98,7.08,5.98,	官方出厂价格	2012-05-07 20:00:00
859	5万-15万	6.97	10.37	6.97,7.67,7.66,8.37,8.97,9.17,10.37,	官方出厂价格	2012-05-07 20:00:00
37	35万-45万	22.50	41.50	22.50,26.90,28.70,30.90,35.90,35.50,41.50,	官方出厂价格	2012-05-07 20:00:00
65	25万-35万	24.50	39.50	24.50,28.90,32.90,34.70,37.90,39.50,	官方出厂价格	2012-05-07 20:00:00
75	35万-45万	37.60	43.30	37.60,43.30,	官方出厂价格	2012-05-07 20:00:00
50	5万-15万	8.08	10.53	8.08,8.88,8.88,9.68,10.53,	官方出厂价格	2012-05-07 20:00:00
58	5万-15万	8.18	10.58	8.18,8.98,8.88,9.68,10.58,	官方出厂价格	2012-05-07 20:00:00
944	5万-15万	6.28	8.98	6.28,6.68,7.38,7.38,8.18,8.98,	官方出厂价格	2012-05-07 20:00:00
793	5万-15万	5.18	6.18	5.18,5.58,5.88,6.08,5.28,5.68,5.98,6.18,	官方出厂价格	2012-05-07 20:00:00
54	5万以下	3.68	5.68	3.68,4.08,4.38,4.68,5.18,5.68,	官方出厂价格	2012-05-07 20:00:00
895	5万-15万	7.29	10.99	7.29,7.79,8.59,9.99,7.29,7.79,8.59,8.49,9.29,9.99,9.99,10.99,	官方出厂价格	2012-05-07 20:00:00
671	5万-15万	6.98	10.48	6.98,7.78,8.48,9.18,10.48,	官方出厂价格	2012-05-07 20:00:00
801	5万-15万	10.38	14.18	10.38,11.48,11.58,12.58,12.78,10.38,11.48,11.58,12.58,12.78,12.88,14.18,	官方出厂价格	2012-05-07 20:00:00
55	5万-15万	8.58	12.98	8.58,9.58,9.58,10.58,11.18,9.98,10.98,10.28,11.28,11.68,11.98,12.98,	官方出厂价格	2012-05-07 20:00:00
842	5万-15万	6.99	9.29	6.99,7.39,8.39,9.29,	官方出厂价格	2012-05-07 20:00:00
68	5万-15万	4.88	6.28	4.88,5.58,6.28,	官方出厂价格	2012-05-07 20:00:00
650	5万-15万	7.89	11.59	7.89,9.09,8.79,9.99,11.46,9.66,10.86,11.59,7.89,9.09,8.79,9.99,9.11,10.31,10.49,11.39,9.66,10.86,	官方出厂价格	2012-05-07 20:00:00
30	5万以下	2.88	4.38	2.88,3.18,3.38,3.28,3.48,3.48,3.68,3.58,3.78,3.68,3.98,3.88,4.18,3.88,4.18,4.08,4.38,	官方出厂价格	2012-05-07 20:00:00
38	5万-15万	7.39	10.69	7.39,7.89,8.69,9.09,8.59,9.99,10.19,10.69,7.39,7.89,8.69,9.09,8.59,9.99,10.19,10.69,	官方出厂价格	2012-05-07 20:00:00
49	5万-15万	7.18	9.78	7.18,8.38,8.58,9.48,9.78,	官方出厂价格	2012-05-07 20:00:00
897	5万-15万	8.18	11.18	8.18,9.38,8.78,10.18,9.98,11.18,8.18,9.38,8.78,10.18,9.98,11.18,	官方出厂价格	2012-05-07 20:00:00
602	5万-15万	5.68	7.93	5.68,5.78,6.18,6.68,6.48,6.88,7.23,7.58,7.93,5.68,6.18,6.68,6.88,7.23,7.58,7.93,	官方出厂价格	2012-05-07 20:00:00
53	5万-15万	7.18	8.98	7.18,7.38,8.98,	官方出厂价格	2012-05-07 20:00:00
32	5万-15万	6.78	7.68	7.68,6.78,	官方出厂价格	2012-05-07 20:00:00
31	5万-15万	6.38	6.38	6.38,	官方出厂价格	2012-05-07 20:00:00
52	5万-15万	5.38	6.88	5.38,5.48,5.78,6.08,6.88,5.88,5.68,	官方出厂价格	2012-05-07 20:00:00
70	5万-15万	4.69	5.89	4.69,4.99,5.59,5.29,5.89,	官方出厂价格	2012-05-07 20:00:00
69	5万以下	4.39	4.99	4.39,4.59,4.89,4.99,	官方出厂价格	2012-05-07 20:00:00
666	5万-15万	4.68	6.08	4.68,5.88,4.88,5.48,5.18,5.28,5.68,6.08,5.58,5.98,5.58,5.98,	官方出厂价格	2012-05-07 20:00:00
730	5万-15万	5.58	6.58	5.58,5.98,6.58,5.88,6.28,	官方出厂价格	2012-05-07 20:00:00
846	5万-15万	5.23	5.63	5.23,5.53,5.63,	官方出厂价格	2012-05-07 20:00:00
41	5万-15万	4.36	6.86	4.36,4.66,5.16,5.66,4.96,5.46,5.96,5.86,6.36,6.86,	官方出厂价格	2012-05-07 20:00:00
42	5万-15万	4.96	7.66	4.96,5.46,6.06,6.46,5.26,5.76,6.36,6.76,6.16,6.66,7.26,7.66,	官方出厂价格	2012-05-07 20:00:00
99	25万-35万	25.50	32.80	25.50,26.80,28.90,30.90,32.80,	官方出厂价格	2012-05-07 20:00:00
445	5万-15万	6.28	8.58	6.28,6.68,7.38,7.88,8.58,	官方出厂价格	2012-05-07 20:00:00
101	25万-35万	27.80	36.80	27.80,30.60,32.00,36.80,	官方出厂价格	2012-05-07 20:00:00
1671	55万以上	59.80	59.80	59.80,	官方出厂价格	2012-05-07 20:00:00
103	35万-45万	31.90	35.80	31.90,35.80,	官方出厂价格	2012-05-07 20:00:00
118	5万-15万	9.38	12.58	9.38,10.38,9.68,10.78,9.88,10.98,10.48,11.58,12.58,	官方出厂价格	2012-05-07 20:00:00
533	15万-25万	13.18	26.98	13.18,13.98,15.78,16.78,17.58,18.58,26.98,	官方出厂价格	2012-05-07 20:00:00
105	5万-15万	5.28	16.98	5.29,5.69,6.69,16.98,5.28,5.68,6.68,	官方出厂价格	2012-05-07 20:00:00
137	5万-15万	5.39	6.99	5.39,5.89,6.39,6.99,5.59,5.39,5.89,6.39,6.99,	官方出厂价格	2012-05-07 20:00:00
136	5万-15万	6.29	10.99	6.29,6.69,7.89,6.29,7.09,8.69,10.99,7.79,7.69,8.09,8.99,9.69,10.99,	官方出厂价格	2012-05-07 20:00:00
140	5万-15万	5.99	7.39	5.99,7.39,	官方出厂价格	2012-05-07 20:00:00
84	5万-15万	5.98	11.88	5.99,7.09,8.29,5.98,7.08,8.28,7.98,9.98,9.28,11.88,9.28,11.88,	官方出厂价格	2012-05-07 20:00:00
139	5万-15万	9.28	14.28	9.28,10.58,10.28,11.58,9.78,11.08,9.28,10.68,10.58,11.98,9.28,10.68,10.58,11.98,10.58,11.88,14.28,9.78,	官方出厂价格	2012-05-07 20:00:00
134	5万-15万	10.39	14.19	10.39,11.39,11.19,12.19,12.19,13.19,14.19,	官方出厂价格	2012-05-07 20:00:00
121	15万-25万	22.38	33.88	22.88,24.88,30.48,33.88,22.38,24.38,29.98,33.38,	官方出厂价格	2012-05-07 20:00:00
138	5万-15万	12.19	16.99	12.19,13.39,13.59,14.79,12.99,14.19,14.39,15.59,16.99,	官方出厂价格	2012-05-07 20:00:00
133	5万-15万	9.99	11.79	9.99,10.49,10.79,11.79,	官方出厂价格	2012-05-07 20:00:00
555	5万-15万	12.99	18.73	12.99,13.49,14.49,14.99,17.15,18.15,13.27,13.77,14.77,15.27,17.73,18.73,16.53,	官方出厂价格	2012-05-07 20:00:00
78	5万-15万	6.38	10.68	6.38,6.98,7.28,6.68,6.98,7.28,7.58,7.28,7.88,8.08,9.38,10.18,10.68,6.88,7.38,7.58,7.58,7.68,7.78,7.98,9.18,9.98,	官方出厂价格	2012-05-07 20:00:00
981	5万-15万	7.39	9.49	7.39,7.69,7.99,8.59,8.59,8.89,9.49,	官方出厂价格	2012-05-07 20:00:00
537	5万-15万	5.89	8.35	6.45,7.45,6.75,7.75,7.35,8.35,5.89,6.29,6.59,7.19,7.29,7.59,8.19,	官方出厂价格	2012-05-07 20:00:00
538	5万-15万	7.80	9.18	7.80,8.48,9.18,	官方出厂价格	2012-05-07 20:00:00
446	5万-15万	10.78	14.78	10.78,11.88,11.98,13.08,13.45,12.88,14.28,14.65,10.78,11.88,11.98,13.08,13.58,12.88,13.38,14.28,14.78,13.28,14.68,	官方出厂价格	2012-05-07 20:00:00
460	5万-15万	11.88	23.58	11.89,13.09,12.68,13.88,15.58,13.68,15.08,16.78,15.98,23.58,11.88,13.28,12.58,13.98,15.68,13.58,14.98,16.68,23.58,	官方出厂价格	2012-05-07 20:00:00
461	25万-35万	23.98	39.48	28.33,23.98,28.98,39.48,	官方出厂价格	2012-05-07 20:00:00
480	5万-15万	7.58	9.88	7.58,8.08,8.88,8.88,9.88,	官方出厂价格	2012-05-07 20:00:00
478	15万-25万	20.16	30.21	20.16,26.19,22.73,24.20,30.21,22.73,22.50,24.10,29.50,	官方出厂价格	2012-05-07 20:00:00
494	5万-15万	11.28	16.28	13.28,14.68,14.38,15.78,16.28,11.28,12.48,12.28,13.48,14.58,11.68,12.88,	官方出厂价格	2012-05-07 20:00:00
535	15万-25万	13.18	18.58	13.18,14.38,13.88,15.08,14.18,15.58,15.38,16.78,17.78,18.58,13.28,14.48,13.58,14.78,14.38,15.58,14.88,16.28,15.58,16.98,17.28,18.48,	官方出厂价格	2012-05-07 20:00:00
127	5万-15万	6.98	10.98	7.58,7.88,8.28,8.98,9.68,9.88,10.08,9.28,10.18,10.98,6.98,	官方出厂价格	2012-05-07 20:00:00
128	5万-15万	6.68	10.58	7.28,7.58,8.28,7.98,8.68,9.28,8.98,9.88,10.58,7.58,8.28,8.88,7.98,8.68,9.28,8.98,9.38,9.88,10.58,6.68,	官方出厂价格	2012-05-07 20:00:00
965	5万-15万	11.88	13.98	11.88,12.88,13.98,	官方出厂价格	2012-05-07 20:00:00
455	5万-15万	6.98	9.98	6.98,7.78,7.78,8.88,9.38,7.58,8.08,9.18,7.58,8.38,8.38,9.48,9.98,8.68,9.78,	官方出厂价格	2012-05-07 20:00:00
456	5万-15万	6.98	9.98	6.98,7.78,7.78,8.88,9.38,7.58,8.38,8.38,9.48,9.98,	官方出厂价格	2012-05-07 20:00:00
440	5万-15万	5.88	8.89	5.98,6.08,6.28,6.68,7.69,6.98,7.38,8.49,7.78,8.89,5.88,5.98,6.18,6.48,7.49,6.88,7.38,8.39,7.88,8.89,7.68,7.68,8.69,8.69,	官方出厂价格	2012-05-07 20:00:00
450	15万-25万	16.39	20.79	19.59,20.79,16.39,17.49,18.99,20.49,	官方出厂价格	2012-05-07 20:00:00
474	5万-15万	9.28	11.48	9.28,9.78,10.58,10.68,11.48,9.28,9.78,10.58,10.68,11.48,	官方出厂价格	2012-05-07 20:00:00
489	5万-15万	12.38	19.98	12.38,13.18,13.08,13.88,13.28,14.08,13.28,14.08,13.78,14.78,14.18,15.18,14.18,15.18,14.28,15.28,15.08,16.08,18.48,15.58,16.58,18.98,16.98,17.98,19.98,	官方出厂价格	2012-05-07 20:00:00
100	15万-25万	22.98	26.98	22.98,23.98,26.98,	官方出厂价格	2012-05-07 20:00:00
483	5万-15万	5.99	14.58	5.99,6.59,6.89,7.19,7.69,8.19,6.99,7.59,7.89,8.39,8.89,7.39,6.89,7.49,7.89,8.19,8.49,7.99,11.98,12.98,14.58,6.89,7.19,7.59,7.89,8.19,7.99,10.59,5.99,6.39,6.69,6.99,7.49,7.99,6.99,7.39,7.69,8.19,8.69,8.58,8.98,10.88,	官方出厂价格	2012-05-07 20:00:00
98	5万-15万	9.98	16.99	11.99,13.09,13.29,14.39,15.19,16.29,9.98,10.98,11.28,12.38,11.99,13.09,13.29,14.39,15.49,16.99,9.98,10.98,11.28,12.38,10.48,11.48,12.78,14.28,14.88,10.48,11.48,12.78,14.08,14.68,	官方出厂价格	2012-05-07 20:00:00
526	5万-15万	6.38	8.58	6.38,7.18,7.73,8.58,	官方出厂价格	2012-05-07 20:00:00
109	5万-15万	7.68	9.88	7.68,8.88,8.18,9.38,8.68,9.88,7.68,8.88,8.18,9.38,8.68,9.88,7.68,7.98,8.58,8.48,8.98,9.88,	官方出厂价格	2012-05-07 20:00:00
108	5万-15万	5.98	6.88	5.98,5.98,6.68,6.18,6.88,	官方出厂价格	2012-05-07 20:00:00
154	5万-15万	6.19	8.99	6.19,6.69,6.99,7.49,6.69,6.99,7.69,7.69,8.39,8.99,	官方出厂价格	2012-05-07 20:00:00
563	5万-15万	5.09	6.68	5.09,5.59,5.89,5.39,5.89,6.19,5.68,6.28,6.68,6.58,	官方出厂价格	2012-05-07 20:00:00
473	5万-15万	6.18	9.38	6.18,6.48,6.78,7.18,7.48,7.68,8.68,7.08,7.68,7.78,8.18,8.18,8.28,9.38,	官方出厂价格	2012-05-07 20:00:00
82	35万-45万	27.90	44.50	27.90,33.90,36.50,44.50,	官方出厂价格	2012-05-07 20:00:00
454	15万-25万	16.58	19.58	16.58,17.98,19.58,	官方出厂价格	2012-05-07 20:00:00
511	35万-45万	38.58	38.58	38.58,	官方出厂价格	2012-05-07 20:00:00
495	5万以下	3.99	4.99	3.99,4.19,4.09,4.29,4.59,4.99,4.89,	官方出厂价格	2012-05-07 20:00:00
496	5万-15万	4.59	7.89	4.59,5.49,5.59,5.89,5.99,6.39,6.08,6.18,6.58,6.98,6.99,6.18,6.68,5.69,6.09,6.59,6.89,7.29,7.89,	官方出厂价格	2012-05-07 20:00:00
484	5万-15万	11.98	13.98	11.98,12.98,12.98,13.98,	官方出厂价格	2012-05-07 20:00:00
485	5万-15万	11.98	12.98	11.98,12.98,	官方出厂价格	2012-05-07 20:00:00
499	5万-15万	7.46	9.36	7.46,8.46,8.16,9.16,7.66,8.66,8.36,9.36,	官方出厂价格	2012-05-07 20:00:00
500	5万-15万	8.58	12.18	9.98,10.58,10.58,10.98,11.58,11.58,12.18,8.58,9.18,9.58,10.18,10.78,9.98,10.58,10.58,10.98,11.58,11.58,12.18,8.58,9.18,9.58,10.18,10.78,	官方出厂价格	2012-05-07 20:00:00
541	5万-15万	8.58	13.48	10.98,11.98,12.48,13.48,8.58,9.58,9.88,10.88,10.88,11.88,12.38,13.38,	官方出厂价格	2012-05-07 20:00:00
542	5万-15万	7.98	12.38	7.98,8.98,9.98,10.98,11.38,12.38,	官方出厂价格	2012-05-07 20:00:00
429	5万-15万	8.77	12.87	8.77,9.97,10.77,11.07,11.87,12.87,	官方出厂价格	2012-05-07 20:00:00
430	5万-15万	12.68	19.28	12.88,14.08,12.68,13.88,14.98,14.68,16.68,19.28,12.78,13.98,14.78,15.28,16.48,18.98,	官方出厂价格	2012-05-07 20:00:00
97	5万-15万	9.68	14.98	9.68,10.68,10.28,11.28,11.28,12.28,12.88,13.28,14.28,14.98,	官方出厂价格	2012-05-07 20:00:00
116	15万-25万	14.78	18.88	14.78,16.08,17.48,18.88,	官方出厂价格	2012-05-07 20:00:00
94	5万-15万	11.28	15.38	11.28,12.88,13.98,14.98,11.28,12.28,12.88,13.98,15.38,	官方出厂价格	2012-05-07 20:00:00
96	25万-35万	23.98	36.98	25.50,27.70,23.98,27.80,36.98,25.50,	官方出厂价格	2012-05-07 20:00:00
114	5万-15万	7.58	10.08	7.78,8.78,8.78,9.78,9.08,10.08,7.58,8.28,8.58,9.28,8.88,9.58,	官方出厂价格	2012-05-07 20:00:00
90	5万-15万	5.98	8.18	5.98,6.48,6.70,7.08,7.58,8.18,	官方出厂价格	2012-05-07 20:00:00
88	5万-15万	4.78	5.98	4.78,4.98,5.28,5.48,5.98,4.78,5.08,5.28,	官方出厂价格	2012-05-07 20:00:00
89	5万-15万	5.78	9.38	5.78,6.18,6.88,7.78,8.28,9.38,	官方出厂价格	2012-05-07 20:00:00
520	5万-15万	6.78	8.38	6.78,7.68,7.48,8.38,	官方出厂价格	2012-05-07 20:00:00
129	5万-15万	9.88	13.98	9.88,10.88,10.98,11.98,12.28,13.98,	官方出厂价格	2012-05-07 20:00:00
528	5万-15万	8.88	13.38	8.98,10.08,10.38,11.48,12.38,13.38,8.98,10.08,10.38,11.48,12.38,13.38,8.88,9.98,10.28,11.38,	官方出厂价格	2012-05-07 20:00:00
519	5万-15万	10.53	15.68	10.53,11.53,11.53,12.53,13.73,13.88,14.88,14.68,15.68,	官方出厂价格	2012-05-07 20:00:00
546	15万-25万	12.48	16.78	12.48,13.48,13.58,14.58,15.48,16.18,16.08,16.78,	官方出厂价格	2012-05-07 20:00:00
550	5万-15万	8.28	11.28	8.28,9.28,9.28,10.28,10.28,11.28,	官方出厂价格	2012-05-07 20:00:00
81	5万-15万	8.88	12.47	8.88,9.78,8.97,9.47,9.87,10.37,10.57,11.47,12.47,	官方出厂价格	2012-05-07 20:00:00
115	5万-15万	12.48	18.98	12.48,13.68,12.78,13.98,13.78,14.98,15.48,16.68,18.98,	官方出厂价格	2012-05-07 20:00:00
85	5万-15万	6.98	9.68	6.98,7.48,7.98,8.68,8.48,8.98,9.68,	官方出厂价格	2012-05-07 20:00:00
427	45万-55万	49.80	50.80	49.80,50.80,	官方出厂价格	2012-05-07 20:00:00
493	5万-15万	7.68	9.68	7.68,8.68,9.68,8.18,9.18,9.68,	官方出厂价格	2012-05-07 20:00:00
530	5万-15万	10.98	16.98	10.98,11.68,12.98,11.68,12.98,12.58,14.38,14.68,12.98,14.88,16.98,11.68,12.98,10.98,11.68,12.98,14.78,12.58,14.38,14.88,16.98,	官方出厂价格	2012-05-07 20:00:00
1257	5万-15万	11.18	11.98	11.18,11.98,	官方出厂价格	2012-05-07 20:00:00
553	45万-55万	33.98	49.80	33.98,49.80,49.80,	官方出厂价格	2012-05-07 20:00:00
515	5万-15万	12.34	21.09	12.34,12.85,14.05,13.70,14.90,13.15,14.35,14.70,16.10,16.70,16.90,18.05,21.09,12.34,13.54,13.70,14.90,16.55,14.00,15.20,14.70,14.93,16.10,17.75,16.90,18.55,	官方出厂价格	2012-05-07 20:00:00
111	15万-25万	22.50	24.98	22.50,23.38,24.98,	官方出厂价格	2012-05-07 20:00:00
107	25万-35万	20.90	30.80	20.90,21.90,26.80,28.80,30.80,	官方出厂价格	2012-05-07 20:00:00
428	25万-35万	24.39	29.46	24.39,25.89,29.46,	官方出厂价格	2012-05-07 20:00:00
130	5万-15万	9.98	14.18	9.98,10.98,11.28,12.08,12.08,12.98,13.18,14.18,	官方出厂价格	2012-05-07 20:00:00
441	15万-25万	14.98	20.58	14.98,16.98,19.38,20.58,	官方出厂价格	2012-05-07 20:00:00
564	5万-15万	9.98	14.68	9.98,10.98,10.98,12.08,12.68,13.78,11.98,12.88,13.88,14.68,9.98,10.88,10.98,11.98,	官方出厂价格	2012-05-07 20:00:00
112	5万-15万	8.98	9.88	8.98,9.88,	官方出厂价格	2012-05-07 20:00:00
120	5万-15万	10.89	16.39	10.89,11.39,12.79,11.99,13.49,13.69,15.32,15.99,12.39,13.89,16.39,10.89,11.39,12.79,11.99,13.49,15.99,13.69,15.12,	官方出厂价格	2012-05-07 20:00:00
544	45万-55万	49.80	49.80	49.80,	官方出厂价格	2012-05-07 20:00:00
444	5万-15万	7.38	8.88	7.38,8.48,7.78,8.88,8.48,7.38,8.48,7.38,8.48,8.28,8.48,	官方出厂价格	2012-05-07 20:00:00
102	15万-25万	14.98	17.28	14.98,16.28,15.98,17.28,	官方出厂价格	2012-05-07 20:00:00
531	5万-15万	10.68	14.98	10.68,11.68,11.88,12.88,11.68,12.68,14.78,10.88,11.88,11.10,12.10,12.08,13.08,11.88,12.88,13.68,14.78,10.88,11.88,11.10,12.10,12.08,13.08,11.88,12.88,12.28,13.28,13.08,14.98,	官方出厂价格	2012-05-07 20:00:00
110	15万-25万	19.98	22.98	19.98,21.98,22.98,	官方出厂价格	2012-05-07 20:00:00
558	5万-15万	5.59	7.69	5.59,6.49,6.89,7.39,7.49,6.79,7.19,7.69,6.89,7.09,7.59,	官方出厂价格	2012-05-07 20:00:00
560	15万-25万	20.80	22.80	22.80,20.80,21.80,22.80,	官方出厂价格	2012-05-07 20:00:00
566	5万-15万	8.58	10.38	8.58,9.38,9.58,10.38,	官方出厂价格	2012-05-07 20:00:00
568	5万-15万	7.68	10.98	9.98,10.98,9.98,10.98,9.98,10.98,8.18,7.68,9.28,8.78,	官方出厂价格	2012-05-07 20:00:00
569	5万-15万	5.73	8.53	5.73,6.53,6.53,7.33,7.73,8.53,	官方出厂价格	2012-05-07 20:00:00
570	5万-15万	6.58	9.78	6.58,6.98,7.78,7.58,7.88,8.58,8.78,9.58,7.28,7.78,8.28,8.48,9.28,8.88,9.78,	官方出厂价格	2012-05-07 20:00:00
175	25万-35万	27.28	57.81	27.28,29.10,30.98,32.99,36.98,39.90,42.38,46.45,29.10,30.98,32.99,36.98,39.90,42.38,47.12,57.81,	官方出厂价格	2012-05-07 20:00:00
174	35万-45万	29.60	49.85	29.60,35.10,38.88,41.38,44.98,49.85,	官方出厂价格	2012-05-07 20:00:00
164	55万以上	29.98	79.80	29.98,39.58,62.60,49.10,58.40,56.60,64.50,64.40,74.30,69.80,79.80,39.10,	官方出厂价格	2012-05-07 20:00:00
268	55万以上	106.60	120.00	110.50,106.60,110.00,120.00,	官方出厂价格	2012-05-07 20:00:00
173	35万-45万	30.80	46.30	30.80,34.80,38.80,42.80,46.30,	官方出厂价格	2012-05-07 20:00:00
172	45万-55万	42.50	48.50	42.50,48.50,	官方出厂价格	2012-05-07 20:00:00
1676	55万以上	99.80	138.80	99.80,134.80,104.80,138.80,99.80,112.80,133.80,	官方出厂价格	2012-05-07 20:00:00
167	15万-25万	13.18	18.88	13.18,13.88,14.38,15.58,16.58,15.78,16.58,17.58,18.88,	官方出厂价格	2012-05-07 20:00:00
463	35万-45万	25.98	42.88	25.98,28.68,39.88,42.88,	官方出厂价格	2012-05-07 20:00:00
532	25万-35万	23.78	27.18	23.78,24.98,26.58,25.58,27.18,	官方出厂价格	2012-05-07 20:00:00
547	15万-25万	18.68	34.28	18.68,20.28,22.28,21.98,22.98,24.98,26.68,34.28,18.68,20.28,22.28,21.98,22.98,24.98,26.68,34.28,	官方出厂价格	2012-05-07 20:00:00
171	5万-15万	8.98	10.98	8.98,9.98,10.98,	官方出厂价格	2012-05-07 20:00:00
152	5万-15万	7.98	11.58	7.98,8.88,9.98,11.58,	官方出厂价格	2012-05-07 20:00:00
148	25万-35万	30.48	32.08	30.48,32.08,	官方出厂价格	2012-05-07 20:00:00
158	15万-25万	16.97	22.97	16.97,18.17,19.97,19.17,20.97,22.97,	官方出厂价格	2012-05-07 20:00:00
145	15万-25万	18.49	28.39	20.69,18.59,20.39,23.09,25.59,25.99,28.39,20.69,18.49,20.39,20.59,23.09,25.09,25.89,26.99,28.39,	官方出厂价格	2012-05-07 20:00:00
487	25万-35万	22.19	32.29	25.09,28.79,31.29,22.69,23.59,25.59,27.59,26.59,28.59,32.29,25.99,28.79,31.29,22.19,22.69,23.49,25.49,27.49,26.59,28.59,32.29,	官方出厂价格	2012-05-07 20:00:00
176	45万-55万	50.50	53.68	50.50,53.68,53.50,	官方出厂价格	2012-05-07 20:00:00
509	15万-25万	19.98	33.48	19.98,21.28,20.98,21.98,23.28,25.28,24.78,26.78,29.28,33.48,19.98,20.98,23.28,25.18,26.68,29.18,	官方出厂价格	2012-05-07 20:00:00
510	35万-45万	32.48	37.48	32.48,37.48,	官方出厂价格	2012-05-07 20:00:00
436	15万-25万	16.98	30.38	18.18,20.18,21.58,24.08,16.98,17.98,30.38,	官方出厂价格	2012-05-07 20:00:00
170	15万-25万	19.48	32.28	19.48,20.88,21.58,21.88,23.98,26.98,25.48,28.48,31.08,32.28,	官方出厂价格	2012-05-07 20:00:00
144	5万-15万	7.68	7.68	7.68,	官方出厂价格	2012-05-07 20:00:00
151	5万-15万	9.08	12.48	9.08,9.58,9.48,9.98,11.48,12.48,	官方出厂价格	2012-05-07 20:00:00
184	25万-35万	25.38	34.98	25.38,26.38,26.68,28.08,30.28,34.98,26.88,27.88,30.08,	官方出厂价格	2012-05-07 20:00:00
182	5万-15万	10.58	15.98	10.58,10.98,11.78,12.18,12.88,13.68,14.68,14.98,13.68,14.58,15.58,15.98,	官方出厂价格	2012-05-07 20:00:00
143	15万-25万	17.98	36.48	18.28,19.38,17.98,21.98,22.58,19.98,20.58,21.98,22.58,24.98,27.48,31.98,33.98,36.48,	官方出厂价格	2012-05-07 20:00:00
523	15万-25万	20.98	32.68	20.98,23.48,22.98,23.78,25.98,31.48,29.98,32.68,	官方出厂价格	2012-05-07 20:00:00
513	15万-25万	16.98	25.28	16.98,17.98,19.48,19.98,21.78,23.78,24.18,25.28,	官方出厂价格	2012-05-07 20:00:00
451	5万-15万	10.98	18.98	10.98,12.58,14.68,17.98,12.28,13.38,14.38,15.68,17.98,18.98,12.28,13.38,14.38,15.68,17.98,18.98,	官方出厂价格	2012-05-07 20:00:00
475	5万-15万	11.97	17.67	11.97,12.97,13.47,14.47,15.27,16.27,13.37,14.37,14.87,15.87,16.67,17.67,	官方出厂价格	2012-05-07 20:00:00
448	5万-15万	9.18	13.28	9.18,10.48,9.48,10.78,12.28,13.28,	官方出厂价格	2012-05-07 20:00:00
163	55万以上	36.98	110.00	44.80,48.80,64.80,36.98,38.98,42.98,49.80,58.80,56.80,110.00,	官方出厂价格	2012-05-07 20:00:00
165	45万-55万	39.00	65.10	39.00,39.00,46.80,54.50,59.80,65.10,	官方出厂价格	2012-05-07 20:00:00
1304	35万-45万	34.50	64.50	34.50,36.90,38.00,46.00,52.80,64.50,37.10,	官方出厂价格	2012-05-07 20:00:00
491	25万-35万	24.98	35.98	35.98,24.98,26.58,28.38,	官方出厂价格	2012-05-07 20:00:00
543	25万-35万	23.98	29.28	23.98,26.98,29.28,	官方出厂价格	2012-05-07 20:00:00
502	55万以上	109.80	109.80	109.80,	官方出厂价格	2012-05-07 20:00:00
503	55万以上	80.80	80.80	80.80,	官方出厂价格	2012-05-07 20:00:00
183	15万-25万	18.88	27.48	18.88,19.88,22.88,24.88,23.88,18.98,22.98,23.48,25.98,26.48,27.48,	官方出厂价格	2012-05-07 20:00:00
431	15万-25万	15.68	28.88	15.68,16.88,18.78,20.28,21.48,24.88,26.58,28.88,	官方出厂价格	2012-05-07 20:00:00
159	15万-25万	17.08	19.98	17.08,17.98,18.98,19.98,	官方出厂价格	2012-05-07 20:00:00
525	15万-25万	16.98	23.98	16.98,17.98,19.48,21.68,22.98,19.18,20.38,23.98,	官方出厂价格	2012-05-07 20:00:00
517	45万-55万	49.80	49.80	49.80,	官方出厂价格	2012-05-07 20:00:00
452	5万-15万	8.18	10.88	8.18,9.18,9.18,10.18,9.88,10.88,	官方出厂价格	2012-05-07 20:00:00
91	5万-15万	7.58	10.18	7.58,7.88,8.88,9.08,10.18,	官方出厂价格	2012-05-07 20:00:00
141	25万-35万	23.50	29.90	23.50,24.50,27.50,28.80,29.90,	官方出厂价格	2012-05-07 20:00:00
522	15万-25万	15.98	24.98	15.98,16.78,17.88,18.88,19.98,21.48,22.68,24.98,15.98,17.48,17.98,18.88,19.98,21.48,23.48,24.98,	官方出厂价格	2012-05-07 20:00:00
540	15万-25万	19.08	37.18	19.08,19.98,21.98,22.58,22.48,24.48,24.98,26.48,29.68,37.18,	官方出厂价格	2012-05-07 20:00:00
169	15万-25万	16.28	25.18	16.28,17.48,18.28,19.28,22.48,23.68,22.98,25.18,	官方出厂价格	2012-05-07 20:00:00
1683	15万-25万	18.89	31.99	18.89,21.49,23.99,26.49,31.99,	官方出厂价格	2012-05-07 20:00:00
181	5万-15万	9.98	17.98	9.98,10.98,11.68,11.98,12.68,14.38,15.28,13.88,14.88,16.28,14.28,16.28,17.98,15.28,16.68,	官方出厂价格	2012-05-07 20:00:00
212	15万-25万	18.98	25.98	18.98,19.98,25.98,	官方出厂价格	2012-05-07 20:00:00
462	15万-25万	14.98	20.30	14.98,16.18,17.98,19.98,14.98,16.18,17.98,18.30,19.98,20.30,	官方出厂价格	2012-05-07 20:00:00
498	25万-35万	25.48	35.98	25.48,27.48,28.48,27.48,29.48,35.98,	官方出厂价格	2012-05-07 20:00:00
471	15万-25万	17.19	27.13	17.19,18.59,19.99,19.59,20.79,21.79,22.29,24.39,17.19,18.59,19.99,17.99,19.19,20.59,21.59,23.59,22.09,23.09,25.09,27.13,	官方出厂价格	2012-05-07 20:00:00
166	25万-35万	28.28	52.98	28.28,30.68,33.48,29.99,31.99,33.98,36.98,52.98,	官方出厂价格	2012-05-07 20:00:00
341	45万-55万	44.99	49.99	44.99,49.99,	官方出厂价格	2012-05-07 20:00:00
505	15万-25万	15.58	22.88	15.58,16.38,16.48,17.38,17.88,21.48,18.78,19.88,22.88,	官方出厂价格	2012-05-07 20:00:00
432	5万-15万	11.48	13.98	11.48,11.98,12.58,13.28,11.68,12.18,12.78,13.48,13.98,	官方出厂价格	2012-05-07 20:00:00
536	15万-25万	16.69	24.99	16.69,17.99,18.99,19.79,20.39,23.29,22.89,24.99,	官方出厂价格	2012-05-07 20:00:00
549	25万-35万	23.80	32.80	23.80,25.80,27.80,29.80,30.80,32.80,	官方出厂价格	2012-05-07 20:00:00
482	5万-15万	10.88	16.19	10.88,12.99,13.99,14.69,15.19,15.69,16.19,	官方出厂价格	2012-05-07 20:00:00
507	15万-25万	16.29	22.99	16.29,16.99,17.99,19.99,22.99,	官方出厂价格	2012-05-07 20:00:00
180	15万-25万	17.69	29.89	17.69,18.99,20.49,22.69,23.69,29.89,17.69,18.69,19.99,20.49,22.69,23.69,29.89,	官方出厂价格	2012-05-07 20:00:00
554	55万以上	38.80	75.41	38.80,39.80,49.10,66.21,73.41,73.41,75.41,	官方出厂价格	2012-05-07 20:00:00
567	5万-15万	7.58	16.58	7.58,8.88,9.88,9.88,10.88,12.88,13.88,15.88,11.48,12.48,14.48,14.88,16.58,	官方出厂价格	2012-05-07 20:00:00
571	5万-15万	10.88	25.28	13.08,14.08,14.08,15.08,20.28,25.28,10.88,11.88,13.28,14.28,12.78,13.78,13.78,14.78,19.98,24.98,12.98,13.98,	官方出厂价格	2012-05-07 20:00:00
200	5万-15万	10000	0	0.00,	官方出厂价格	2012-05-07 20:00:00
190	35万-45万	35.50	74.26	38.30,40.98,44.66,43.28,47.26,50.66,55.16,62.76,66.96,74.26,35.50,37.75,38.99,41.52,44.10,47.58,54.20,48.88,53.77,62.37,65.30,69.99,	官方出厂价格	2012-05-07 20:00:00
210	55万以上	42.86	79.76	42.86,45.96,49.46,55.96,62.96,63.96,70.36,79.76,	官方出厂价格	2012-05-07 20:00:00
192	55万以上	49.26	186.00	49.26,67.76,75.16,77.36,66.66,80.90,88.00,96.80,98.20,173.70,186.00,	官方出厂价格	2012-05-07 20:00:00
1672	55万以上	185.80	185.80	185.80,	官方出厂价格	2012-05-07 20:00:00
191	55万以上	43.80	74.90	43.80,51.80,58.80,66.60,74.90,46.50,51.50,56.00,59.60,67.50,71.00,	官方出厂价格	2012-05-07 20:00:00
204	55万以上	61.80	89.80	61.80,73.80,76.80,89.80,73.80,61.80,	官方出厂价格	2012-05-07 20:00:00
700	35万-45万	38.80	38.80	38.80,	官方出厂价格	2012-05-07 20:00:00
802	35万-45万	32.85	89.96	32.85,34.23,34.47,37.23,39.33,42.78,46.84,50.06,80.04,89.96,	官方出厂价格	2012-05-07 20:00:00
723	55万以上	63.80	188.80	63.80,69.80,188.80,	官方出厂价格	2012-05-07 20:00:00
207	35万-45万	38.88	69.80	38.88,41.88,43.88,48.88,44.80,52.80,63.80,69.80,	官方出厂价格	2012-05-07 20:00:00
198	55万以上	52.70	94.10	52.70,56.00,60.00,77.60,83.90,94.10,64.90,66.20,	官方出厂价格	2012-05-07 20:00:00
675	55万以上	86.00	86.00	86.00,	官方出厂价格	2012-05-07 20:00:00
211	35万-45万	36.80	65.99	37.49,40.49,44.99,59.39,65.99,36.80,39.99,43.85,59.38,65.86,	官方出厂价格	2012-05-07 20:00:00
209	45万-55万	39.00	57.50	39.00,43.60,49.00,52.50,57.50,39.80,43.90,48.80,52.00,	官方出厂价格	2012-05-07 20:00:00
722	45万-55万	49.80	65.80	49.80,54.60,58.80,65.80,	官方出厂价格	2012-05-07 20:00:00
213	55万以上	92.80	249.80	92.80,99.80,116.50,122.50,136.20,249.80,92.80,99.80,116.50,122.50,136.20,249.80,	官方出厂价格	2012-05-07 20:00:00
1014	55万以上	179.80	298.80	179.80,185.80,298.80,	官方出厂价格	2012-05-07 20:00:00
214	55万以上	89.80	329.80	89.80,92.80,101.80,118.80,137.80,179.80,205.80,211.80,251.80,319.80,329.80,229.80,	官方出厂价格	2012-05-07 20:00:00
221	55万以上	93.00	259.80	139.80,144.80,218.80,93.00,104.80,110.80,145.80,259.80,139.80,144.80,215.30,	官方出厂价格	2012-05-07 20:00:00
269	55万以上	329.80	329.80	329.80,	官方出厂价格	2012-05-07 20:00:00
810	55万以上	568.00	928.00	928.00,568.00,628.00,	官方出厂价格	2012-05-07 20:00:00
615	55万以上	75.88	253.18	75.88,80.88,80.88,89.88,89.88,99.88,146.28,253.18,77.90,82.90,94.50,95.80,136.00,241.20,	官方出厂价格	2012-05-07 20:00:00
607	55万以上	96.80	254.80	96.80,115.80,206.80,254.80,	官方出厂价格	2012-05-07 20:00:00
223	55万以上	419.00	511.80	419.00,511.80,	官方出厂价格	2012-05-07 20:00:00
625	55万以上	618.00	780.00	618.00,718.00,780.00,680.00,	官方出厂价格	2012-05-07 20:00:00
219	55万以上	139.80	207.30	139.80,148.80,156.80,207.30,	官方出厂价格	2012-05-07 20:00:00
631	55万以上	213.80	279.80	213.80,247.80,253.80,279.80,	官方出厂价格	2012-05-07 20:00:00
599	55万以上	41.80	69.80	41.80,69.80,	官方出厂价格	2012-05-07 20:00:00
196	55万以上	67.70	125.00	69.90,79.90,86.90,96.90,89.80,99.80,115.00,125.00,67.70,77.70,	官方出厂价格	2012-05-07 20:00:00
360	55万以上	10000	0	0.00,0.00,0.00,0.00,0.00,	官方出厂价格	2012-05-07 20:00:00
407	45万-55万	37.98	56.77	38.36,42.76,48.19,54.17,56.77,37.98,42.38,47.58,52.87,56.77,	官方出厂价格	2012-05-07 20:00:00
388	55万以上	65.80	67.80	65.80,67.80,	官方出厂价格	2012-05-07 20:00:00
373	55万以上	82.10	257.80	82.10,88.10,95.50,110.60,109.50,116.70,131.90,88.60,104.58,257.80,	官方出厂价格	2012-05-07 20:00:00
398	45万-55万	28.20	49.80	28.20,31.90,36.20,39.90,45.80,49.80,	官方出厂价格	2012-05-07 20:00:00
398	55万以上	36.70	56.50	36.70,44.50,55.20,47.30,56.50,	官方出厂价格	2012-05-07 20:00:00
362	55万以上	54.50	70.90	54.50,59.60,70.90,	官方出厂价格	2012-05-07 20:00:00
327	55万以上	89.60	201.80	89.60,100.50,104.90,166.50,185.30,201.80,	官方出厂价格	2012-05-07 20:00:00
1674	55万以上	201.80	201.80	201.80,	官方出厂价格	2012-05-07 20:00:00
386	55万以上	105.50	219.00	105.50,190.60,216.80,219.00,	官方出厂价格	2012-05-07 20:00:00
1675	55万以上	219.00	219.00	219.00,	官方出厂价格	2012-05-07 20:00:00
605	55万以上	89.30	209.70	89.30,139.60,149.70,209.70,	官方出厂价格	2012-05-07 20:00:00
796	5万-15万	7.88	9.38	7.88,8.38,9.38,	官方出厂价格	2012-05-07 20:00:00
851	5万-15万	8.98	12.28	8.98,9.88,10.28,11.18,11.68,12.28,	官方出厂价格	2012-05-07 20:00:00
392	55万以上	169.80	225.80	169.80,225.80,	官方出厂价格	2012-05-07 20:00:00
1681	55万以上	225.80	225.80	225.80,	官方出厂价格	2012-05-07 20:00:00
375	55万以上	159.80	159.80	159.80,159.80,	官方出厂价格	2012-05-07 20:00:00
389	45万-55万	40.80	55.70	40.80,47.50,55.70,	官方出厂价格	2012-05-07 20:00:00
389	55万以上	44.80	72.80	44.80,49.50,61.80,72.80,	官方出厂价格	2012-05-07 20:00:00
384	55万以上	77.80	141.80	89.80,99.80,77.80,89.80,89.80,139.20,141.80,	官方出厂价格	2012-05-07 20:00:00
1680	55万以上	195.80	195.80	195.80,	官方出厂价格	2012-05-07 20:00:00
365	15万-25万	18.98	26.28	19.38,21.78,23.98,25.28,26.28,18.98,19.78,21.78,23.98,25.28,26.28,	官方出厂价格	2012-05-07 20:00:00
332	5万-15万	8.99	13.09	8.99,10.79,13.09,	官方出厂价格	2012-05-07 20:00:00
401	15万-25万	24.68	26.68	24.68,26.68,	官方出厂价格	2012-05-07 20:00:00
1072	15万-25万	21.98	27.98	21.98,23.98,25.98,27.98,	官方出厂价格	2012-05-07 20:00:00
387	45万-55万	52.90	59.90	52.90,59.90,	官方出厂价格	2012-05-07 20:00:00
370	5万-15万	9.28	15.88	9.98,9.28,9.88,11.28,11.08,12.78,12.28,13.98,10.88,12.68,14.38,14.18,15.88,	官方出厂价格	2012-05-07 20:00:00
330	5万-15万	9.28	31.88	9.28,9.98,11.28,9.98,11.18,12.78,11.18,12.38,13.98,11.38,12.58,13.78,15.38,12.88,14.08,15.28,16.88,9.48,10.18,11.48,10.18,11.28,12.98,11.38,12.48,14.18,10.18,12.88,14.58,12.58,14.38,16.08,11.58,13.08,12.78,13.98,15.58,14.28,15.48,17.08,31.88,	官方出厂价格	2012-05-07 20:00:00
335	5万-15万	9.58	14.18	9.58,10.58,11.58,12.18,13.18,14.18,	官方出厂价格	2012-05-07 20:00:00
716	15万-25万	14.68	22.68	14.68,16.98,19.78,19.98,22.68,	官方出厂价格	2012-05-07 20:00:00
758	5万-15万	7.98	12.68	9.98,11.98,12.68,7.98,9.48,9.98,10.86,11.56,12.38,	官方出厂价格	2012-05-07 20:00:00
819	15万-25万	14.68	17.98	14.68,17.98,15.80,	官方出厂价格	2012-05-07 20:00:00
820	5万-15万	10.58	13.08	10.58,13.08,	官方出厂价格	2012-05-07 20:00:00
648	25万-35万	29.80	39.86	29.80,33.94,34.90,38.90,39.86,	官方出厂价格	2012-05-07 20:00:00
357	5万-15万	5.48	5.98	5.48,5.98,	官方出厂价格	2012-05-07 20:00:00
1134	5万-15万	5.88	6.98	5.88,6.98,	官方出厂价格	2012-05-07 20:00:00
414	5万-15万	5.98	7.08	5.98,6.18,6.48,7.08,	官方出厂价格	2012-05-07 20:00:00
800	25万-35万	18.98	30.98	18.98,19.98,21.18,23.38,25.08,25.48,27.18,28.68,30.98,19.98,21.18,23.38,24.88,25.18,26.68,28.18,29.48,30.98,	官方出厂价格	2012-05-07 20:00:00
711	35万-45万	34.00	41.28	34.25,38.59,35.23,39.03,34.00,38.50,41.28,	官方出厂价格	2012-05-07 20:00:00
586	55万以上	78.00	109.34	78.00,85.00,90.00,95.00,80.00,88.00,92.00,98.00,109.34,	官方出厂价格	2012-05-07 20:00:00
720	15万-25万	19.99	21.99	19.99,20.99,21.99,21.99,	官方出厂价格	2012-05-07 20:00:00
390	25万-35万	29.99	29.99	29.99,29.99,	官方出厂价格	2012-05-07 20:00:00
382	5万-15万	12.18	15.98	12.18,12.98,13.98,13.98,15.98,	官方出厂价格	2012-05-07 20:00:00
1087	15万-25万	24.98	27.48	24.98,27.48,	官方出厂价格	2012-05-07 20:00:00
695	45万-55万	54.30	54.30	54.30,	官方出厂价格	2012-05-07 20:00:00
405	15万-25万	18.78	26.98	18.78,19.78,20.78,21.78,21.18,22.18,21.98,22.98,22.98,23.98,23.38,24.38,24.98,25.98,25.98,26.98,	官方出厂价格	2012-05-07 20:00:00
707	25万-35万	24.88	42.98	24.88,26.28,27.88,29.88,31.88,33.88,32.98,37.98,39.98,42.98,24.88,26.28,27.88,29.88,31.88,33.88,	官方出厂价格	2012-05-07 20:00:00
577	55万以上	76.50	115.90	76.50,79.90,101.90,115.90,77.00,79.00,99.80,112.78,	官方出厂价格	2012-05-07 20:00:00
578	55万以上	53.80	69.80	53.80,57.80,61.80,63.80,69.80,	官方出厂价格	2012-05-07 20:00:00
639	35万-45万	43.70	49.90	43.70,44.90,49.90,	官方出厂价格	2012-05-07 20:00:00
1682	5万-15万	8.09	9.89	8.09,8.69,9.29,9.89,	官方出厂价格	2012-05-07 20:00:00
754	35万-45万	36.98	42.98	36.98,38.98,42.98,36.98,38.98,42.98,	官方出厂价格	2012-05-07 20:00:00
1085	55万以上	78.80	83.80	78.80,83.80,	官方出厂价格	2012-05-07 20:00:00
1078	15万-25万	12.38	22.98	12.38,13.38,15.28,14.98,15.98,18.68,22.98,	官方出厂价格	2012-05-07 20:00:00
408	5万-15万	11.38	15.28	11.38,12.58,13.88,13.98,15.28,11.38,12.58,13.68,	官方出厂价格	2012-05-07 20:00:00
368	55万以上	75.80	85.00	85.00,78.00,75.80,	官方出厂价格	2012-05-07 20:00:00
857	15万-25万	13.97	22.97	13.97,14.97,16.37,19.17,22.97,15.47,17.67,20.47,	官方出厂价格	2012-05-07 20:00:00
680	5万-15万	7.97	21.98	7.97,8.37,8.87,10.77,11.57,12.57,14.97,16.67,17.67,21.97,13.58,13.98,21.98,16.68,15.58,17.68,	官方出厂价格	2012-05-07 20:00:00
363	5万-15万	11.98	13.08	11.98,13.08,	官方出厂价格	2012-05-07 20:00:00
867	5万-15万	7.98	10.68	7.98,8.58,10.68,8.10,8.88,	官方出厂价格	2012-05-07 20:00:00
397	5万-15万	9.38	12.78	9.38,11.98,9.50,10.58,11.98,11.88,10.38,11.18,12.18,12.78,0.00,	官方出厂价格	2012-05-07 20:00:00
340	5万-15万	10.18	11.38	10.18,11.38,	官方出厂价格	2012-05-07 20:00:00
866	5万-15万	6.98	8.18	6.98,7.10,8.18,7.58,	官方出厂价格	2012-05-07 20:00:00
698	55万以上	53.99	119.99	57.59,62.59,65.99,70.99,82.99,119.99,53.99,55.99,56.49,60.99,61.49,63.99,67.99,69.99,78.99,53.99,55.99,60.99,63.99,65.99,67.99,69.99,78.99,	官方出厂价格	2012-05-07 20:00:00
325	45万-55万	41.89	54.99	44.99,47.99,48.99,50.99,54.99,41.89,45.69,47.89,51.69,	官方出厂价格	2012-05-07 20:00:00
690	15万-25万	22.19	27.89	22.19,23.89,24.59,25.99,26.59,27.29,22.19,23.59,23.89,24.29,24.39,24.59,26.59,27.29,27.89,	官方出厂价格	2012-05-07 20:00:00
779	15万-25万	23.89	27.89	24.59,26.39,23.89,24.39,24.59,25.49,26.39,27.89,	官方出厂价格	2012-05-07 20:00:00
334	5万-15万	8.98	9.78	8.98,9.38,9.78,	官方出厂价格	2012-05-07 20:00:00
346	5万-15万	9.68	13.08	9.68,10.68,11.28,9.98,10.98,11.58,11.18,12.18,12.78,12.48,13.08,10.98,11.98,12.58,9.68,10.68,12.08,9.98,10.98,12.38,	官方出厂价格	2012-05-07 20:00:00
823	5万-15万	11.98	14.38	11.98,12.78,13.58,14.38,	官方出厂价格	2012-05-07 20:00:00
798	5万-15万	7.08	8.58	7.08,8.58,	官方出厂价格	2012-05-07 20:00:00
416	5万-15万	9.29	12.99	9.29,9.69,10.59,10.29,10.99,11.39,12.09,12.99,	官方出厂价格	2012-05-07 20:00:00
383	5万-15万	7.98	13.68	10.88,13.18,7.98,8.28,10.30,12.28,13.68,12.18,9.18,10.68,12.28,13.48,	官方出厂价格	2012-05-07 20:00:00
872	15万-25万	12.88	18.68	12.88,15.38,13.68,16.18,13.88,16.38,14.68,17.18,17.88,18.68,	官方出厂价格	2012-05-07 20:00:00
1048	5万-15万	8.83	13.28	8.83,9.53,9.68,10.28,11.78,11.98,13.28,	官方出厂价格	2012-05-07 20:00:00
376	45万-55万	42.98	57.80	42.98,46.98,49.80,52.98,57.80,	官方出厂价格	2012-05-07 20:00:00
374	55万以上	158.80	158.80	158.80,	官方出厂价格	2012-05-07 20:00:00
324	55万以上	116.00	116.00	116.00,	官方出厂价格	2012-05-07 20:00:00
367	55万以上	164.50	173.30	173.30,164.50,	官方出厂价格	2012-05-07 20:00:00
366	55万以上	49.50	95.40	51.50,57.30,71.70,78.70,78.70,84.80,94.50,49.50,53.30,59.80,71.70,79.20,85.80,95.40,	官方出厂价格	2012-05-07 20:00:00
399	25万-35万	22.58	29.68	22.98,24.88,25.78,27.68,27.78,29.68,22.58,24.80,27.28,26.80,29.28,29.28,	官方出厂价格	2012-05-07 20:00:00
853	5万-15万	7.00	8.50	7.00,8.00,8.50,	官方出厂价格	2012-05-07 20:00:00
590	55万以上	135.00	135.00	135.00,	官方出厂价格	2012-05-07 20:00:00
784	55万以上	119.80	119.80	119.80,	官方出厂价格	2012-05-07 20:00:00
377	25万-35万	24.20	27.48	24.20,26.20,27.20,27.48,	官方出厂价格	2012-05-07 20:00:00
693	5万-15万	13.90	15.80	13.90,14.20,14.90,15.20,14.50,14.80,15.50,15.80,	官方出厂价格	2012-05-07 20:00:00
687	5万-15万	9.00	12.58	9.00,10.00,9.98,10.98,11.88,12.58,	官方出厂价格	2012-05-07 20:00:00
792	5万-15万	10.00	16.98	10.00,12.03,14.03,13.18,15.18,13.98,15.98,13.03,15.03,14.18,16.18,14.98,16.98,10.00,11.98,13.98,13.18,15.18,13.98,15.98,12.98,14.98,14.18,16.18,14.98,16.98,	官方出厂价格	2012-05-07 20:00:00
741	15万-25万	11.15	16.28	11.15,15.15,14.28,16.28,	官方出厂价格	2012-05-07 20:00:00
406	55万以上	69.80	118.80	69.80,74.80,82.80,85.80,105.80,118.80,79.80,118.80,	官方出厂价格	2012-05-07 20:00:00
769	55万以上	62.80	63.80	62.80,63.80,62.80,63.80,	官方出厂价格	2012-05-07 20:00:00
581	55万以上	149.80	339.80	149.80,188.80,172.80,219.80,279.80,339.80,	官方出厂价格	2012-05-07 20:00:00
795	55万以上	91.80	183.80	92.80,99.80,141.80,168.80,183.80,91.80,99.80,141.80,164.80,179.80,	官方出厂价格	2012-05-07 20:00:00
584	55万以上	39.80	65.80	39.80,49.80,55.80,53.80,59.80,49.80,58.80,56.80,65.80,56.80,65.80,	官方出厂价格	2012-05-07 20:00:00
621	55万以上	74.80	74.80	74.80,	官方出厂价格	2012-05-07 20:00:00
404	35万-45万	28.80	41.50	28.80,31.80,35.80,41.50,	官方出厂价格	2012-05-07 20:00:00
395	25万-35万	29.08	29.08	29.08,	官方出厂价格	2012-05-07 20:00:00
892	15万-25万	18.80	26.80	18.80,19.70,21.78,25.28,23.98,26.80,	官方出厂价格	2012-05-07 20:00:00
699	55万以上	81.00	94.00	81.00,85.00,87.00,91.00,90.00,94.00,	官方出厂价格	2012-05-07 20:00:00
787	55万以上	88.80	88.80	88.80,	官方出厂价格	2012-05-07 20:00:00
750	25万-35万	26.60	30.80	26.60,28.80,28.60,30.80,	官方出厂价格	2012-05-07 20:00:00
371	5万-15万	8.48	12.38	8.48,9.48,8.98,9.78,9.38,10.18,10.08,10.88,11.58,9.98,12.38,8.68,9.48,8.98,9.78,9.38,10.18,9.38,10.18,10.08,10.88,10.78,11.58,9.88,10.88,9.98,10.98,11.38,12.38,	官方出厂价格	2012-05-07 20:00:00
724	35万-45万	39.80	39.80	39.80,	官方出厂价格	2012-05-07 20:00:00
627	15万-25万	22.98	27.28	22.98,24.98,26.78,23.48,25.48,27.28,23.48,25.48,27.28,22.98,24.98,26.78,	官方出厂价格	2012-05-07 20:00:00
714	15万-25万	15.98	19.68	15.98,16.98,17.38,18.38,18.88,19.68,	官方出厂价格	2012-05-07 20:00:00
854	15万-25万	16.48	24.98	16.48,17.88,18.28,19.28,21.28,20.98,22.98,24.98,16.48,17.88,18.28,19.28,21.28,20.88,22.98,24.98,	官方出厂价格	2012-05-07 20:00:00
898	45万-55万	48.88	48.88	48.88,	官方出厂价格	2012-05-07 20:00:00
579	15万-25万	16.48	24.98	16.48,16.98,20.28,20.78,20.48,20.98,24.48,24.98,	官方出厂价格	2012-05-07 20:00:00
612	15万-25万	20.78	26.98	20.78,21.78,22.98,23.98,25.88,26.98,26.98,	官方出厂价格	2012-05-07 20:00:00
624	55万以上	139.00	139.00	139.00,	官方出厂价格	2012-05-07 20:00:00
713	15万-25万	13.98	21.98	13.98,15.18,16.48,18.08,20.18,21.98,13.98,15.18,16.48,18.08,20.18,21.98,	官方出厂价格	2012-05-07 20:00:00
344	15万-25万	17.18	29.88	17.18,18.68,21.88,27.98,29.88,	官方出厂价格	2012-05-07 20:00:00
411	5万-15万	5.28	6.48	6.48,5.38,5.58,5.88,5.28,5.48,5.78,6.48,	官方出厂价格	2012-05-07 20:00:00
825	15万-25万	18.38	25.50	19.80,22.30,23.30,25.50,18.38,19.80,20.80,21.80,23.98,	官方出厂价格	2012-05-07 20:00:00
682	25万-35万	24.50	37.40	24.90,26.30,29.20,35.30,37.40,24.50,25.50,28.80,33.80,36.90,	官方出厂价格	2012-05-07 20:00:00
721	45万-55万	39.80	62.00	43.50,44.60,47.80,49.80,58.80,62.00,58.00,39.80,40.80,43.80,45.30,54.30,56.10,54.50,	官方出厂价格	2012-05-07 20:00:00
1054	35万-45万	36.80	39.80	36.80,39.80,	官方出厂价格	2012-05-07 20:00:00
641	5万-15万	9.98	15.88	9.98,11.68,12.68,12.68,13.68,10.98,12.98,13.98,13.78,14.78,11.98,13.98,14.98,14.78,15.78,11.98,13.88,14.88,12.98,14.88,15.88,	官方出厂价格	2012-05-07 20:00:00
672	15万-25万	16.98	26.99	19.98,23.48,22.98,24.48,16.98,18.98,23.48,17.99,21.99,26.99,17.99,20.99,25.99,20.99,	官方出厂价格	2012-05-07 20:00:00
868	15万-25万	17.98	25.98	17.98,19.98,21.98,23.98,25.98,	官方出厂价格	2012-05-07 20:00:00
326	25万-35万	24.98	38.68	24.98,27.68,32.98,38.68,30.99,35.99,	官方出厂价格	2012-05-07 20:00:00
681	15万-25万	22.98	28.99	22.98,23.98,24.98,25.98,23.99,28.99,23.99,22.99,27.99,	官方出厂价格	2012-05-07 20:00:00
630	25万-35万	29.98	44.98	29.98,32.48,30.58,31.98,42.98,44.98,29.98,32.48,42.98,44.98,	官方出厂价格	2012-05-07 20:00:00
657	55万以上	58.78	58.78	58.78,58.78,	官方出厂价格	2012-05-07 20:00:00
361	15万-25万	19.98	23.28	19.98,20.88,21.98,22.78,22.48,23.28,	官方出厂价格	2012-05-07 20:00:00
629	25万-35万	22.98	36.98	22.98,24.98,25.78,23.48,25.48,26.48,26.98,27.78,28.48,27.98,28.78,29.48,34.48,35.48,35.98,36.98,22.98,24.98,23.48,25.48,26.48,26.98,28.48,33.98,35.48,35.98,36.98,	官方出厂价格	2012-05-07 20:00:00
393	5万-15万	10.98	14.38	10.98,11.68,12.28,13.18,13.78,14.18,13.58,14.38,	官方出厂价格	2012-05-07 20:00:00
385	45万-55万	40.80	65.80	40.80,46.80,49.80,49.80,50.80,50.80,56.80,65.80,	官方出厂价格	2012-05-07 20:00:00
329	55万以上	59.80	81.80	59.89,68.89,72.80,78.80,81.80,59.80,68.80,	官方出厂价格	2012-05-07 20:00:00
323	15万-25万	16.98	24.28	16.98,18.38,19.58,21.58,21.38,24.28,16.98,18.38,19.58,21.58,21.38,24.28,	官方出厂价格	2012-05-07 20:00:00
643	15万-25万	16.58	24.18	16.58,16.98,18.38,19.58,24.18,	官方出厂价格	2012-05-07 20:00:00
378	35万-45万	39.80	43.98	39.80,43.98,	官方出厂价格	2012-05-07 20:00:00
594	25万-35万	22.66	28.68	22.86,25.83,26.98,25.18,27.68,28.68,22.66,25.53,26.68,23.11,26.09,27.24,24.98,27.38,28.38,	官方出厂价格	2012-05-07 20:00:00
379	15万-25万	21.98	22.58	21.98,22.58,	官方出厂价格	2012-05-07 20:00:00
379	25万-35万	24.68	26.38	24.68,25.28,25.78,26.38,	官方出厂价格	2012-05-07 20:00:00
1130	15万-25万	21.98	27.98	21.98,23.98,25.98,27.98,	官方出厂价格	2012-05-07 20:00:00
852	5万-15万	6.79	8.49	6.79,6.99,7.29,7.49,7.69,7.89,8.29,8.49,7.69,8.49,	官方出厂价格	2012-05-07 20:00:00
728	45万-55万	49.80	65.50	49.80,53.01,65.50,	官方出厂价格	2012-05-07 20:00:00
593	55万以上	78.90	120.80	78.90,82.20,120.80,78.90,82.20,120.80,	官方出厂价格	2012-05-07 20:00:00
659	55万以上	149.80	149.80	149.80,	官方出厂价格	2012-05-07 20:00:00
662	5万-15万	7.58	9.97	8.08,8.08,8.18,8.78,8.98,9.27,9.97,9.07,9.77,7.58,8.18,8.98,8.98,8.08,8.78,	官方出厂价格	2012-05-07 20:00:00
1053	5万-15万	10.98	14.58	10.98,11.98,11.98,12.98,14.58,	官方出厂价格	2012-05-07 20:00:00
840	5万-15万	9.98	14.83	9.98,11.13,11.38,12.53,12.28,13.43,13.68,14.83,	官方出厂价格	2012-05-07 20:00:00
856	5万-15万	8.38	8.38	8.38,	官方出厂价格	2012-05-07 20:00:00
380	5万-15万	4.38	5.48	4.38,4.88,5.18,5.48,	官方出厂价格	2012-05-07 20:00:00
396	5万-15万	5.38	7.48	5.38,5.88,6.18,6.28,6.68,6.98,6.28,6.58,7.18,7.48,	官方出厂价格	2012-05-07 20:00:00
242	55万以上	69.80	124.80	69.80,77.80,85.80,124.80,	官方出厂价格	2012-05-07 20:00:00
227	25万-35万	33.90	33.90	33.90,33.90,33.90,	官方出厂价格	2012-05-07 20:00:00
632	45万-55万	41.90	67.90	41.90,45.90,47.90,52.90,67.90,41.90,46.90,50.90,	官方出厂价格	2012-05-07 20:00:00
632	55万以上	72.80	86.80	86.80,86.80,72.80,82.80,	官方出厂价格	2012-05-07 20:00:00
256	25万-35万	22.98	28.28	22.98,25.68,28.28,22.98,25.68,28.28,	官方出厂价格	2012-05-07 20:00:00
409	35万-45万	36.98	36.98	36.98,	官方出厂价格	2012-05-07 20:00:00
250	15万-25万	13.98	23.98	15.08,17.08,17.88,19.88,23.98,17.08,13.98,15.08,17.88,19.88,23.98,	官方出厂价格	2012-05-07 20:00:00
603	15万-25万	20.90	38.80	20.90,22.80,24.80,28.80,32.80,36.80,38.80,	官方出厂价格	2012-05-07 20:00:00
1034	5万-15万	4.49	6.09	4.49,4.99,5.39,5.19,5.59,6.09,	官方出厂价格	2012-05-07 20:00:00
863	5万-15万	6.98	11.48	6.98,7.98,7.48,8.48,7.98,8.98,8.58,9.58,9.98,10.98,8.48,8.98,9.48,10.08,11.48,7.99,8.79,10.29,	官方出厂价格	2012-05-07 20:00:00
740	45万-55万	43.80	56.80	43.80,49.80,56.80,	官方出厂价格	2012-05-07 20:00:00
638	15万-25万	14.98	20.08	14.98,16.48,17.88,17.98,19.38,20.08,	官方出厂价格	2012-05-07 20:00:00
255	35万-45万	30.98	40.98	30.98,35.98,40.98,	官方出厂价格	2012-05-07 20:00:00
719	25万-35万	23.90	33.90	23.90,28.90,33.90,	官方出厂价格	2012-05-07 20:00:00
1322	5万-15万	6.58	11.58	6.58,7.18,6.98,7.83,8.33,8.73,9.18,9.48,10.78,11.58,	官方出厂价格	2012-05-07 20:00:00
712	15万-25万	13.28	19.28	13.28,14.28,15.98,17.28,19.28,	官方出厂价格	2012-05-07 20:00:00
228	55万以上	56.88	68.88	56.88,68.88,	官方出厂价格	2012-05-07 20:00:00
875	15万-25万	14.98	23.98	14.98,15.28,15.98,16.98,17.98,17.98,18.98,19.68,20.68,23.98,	官方出厂价格	2012-05-07 20:00:00
224	45万-55万	46.98	61.10	61.10,46.98,48.98,	官方出厂价格	2012-05-07 20:00:00
243	15万-25万	19.48	24.58	19.48,19.98,21.98,23.98,24.58,	官方出厂价格	2012-05-07 20:00:00
821	55万以上	110.00	118.00	110.00,113.00,118.00,	官方出厂价格	2012-05-07 20:00:00
254	5万-15万	7.98	10.98	8.68,9.38,10.18,7.98,10.98,	官方出厂价格	2012-05-07 20:00:00
789	5万-15万	6.28	9.38	6.28,6.58,6.98,6.78,7.28,7.28,7.78,7.68,8.18,8.68,6.58,6.98,7.48,6.98,7.28,7.55,7.78,7.88,8.38,8.38,8.88,7.98,8.48,8.48,9.38,	官方出厂价格	2012-05-07 20:00:00
616	25万-35万	24.90	34.90	24.90,29.90,34.90,	官方出厂价格	2012-05-07 20:00:00
610	15万-25万	21.28	25.48	21.28,22.98,24.58,23.88,25.48,21.28,22.98,23.88,	官方出厂价格	2012-05-07 20:00:00
677	5万-15万	7.83	10.93	7.83,7.98,9.23,9.38,9.23,9.38,7.83,7.98,9.23,9.38,9.23,9.38,10.78,10.93,	官方出厂价格	2012-05-07 20:00:00
247	15万-25万	16.48	19.18	16.48,17.48,19.18,	官方出厂价格	2012-05-07 20:00:00
229	15万-25万	21.98	24.98	21.98,23.58,24.98,	官方出厂价格	2012-05-07 20:00:00
649	15万-25万	19.98	26.90	19.98,26.90,	官方出厂价格	2012-05-07 20:00:00
688	25万-35万	27.50	29.80	27.50,29.80,0.00,	官方出厂价格	2012-05-07 20:00:00
670	5万-15万	12.46	17.98	12.46,13.46,12.96,13.96,14.68,16.28,14.88,16.48,17.98,	官方出厂价格	2012-05-07 20:00:00
664	55万以上	66.80	66.80	66.80,	官方出厂价格	2012-05-07 20:00:00
848	5万-15万	7.98	12.78	7.98,8.98,9.78,10.28,10.58,10.78,12.58,12.78,	官方出厂价格	2012-05-07 20:00:00
636	25万-35万	26.20	29.80	26.20,28.80,29.80,	官方出厂价格	2012-05-07 20:00:00
748	15万-25万	12.98	17.48	12.98,14.48,15.48,17.48,	官方出厂价格	2012-05-07 20:00:00
244	25万-35万	24.98	33.98	24.98,26.98,29.98,29.98,33.98,	官方出厂价格	2012-05-07 20:00:00
257	5万-15万	9.48	13.78	9.48,10.48,12.28,13.28,9.98,10.98,12.48,9.98,10.98,12.78,13.78,10.48,11.48,12.98,	官方出厂价格	2012-05-07 20:00:00
855	5万-15万	4.48	6.08	4.48,4.78,5.08,5.38,4.78,5.08,5.48,5.78,6.08,	官方出厂价格	2012-05-07 20:00:00
849	15万-25万	20.95	24.80	20.95,23.20,24.80,	官方出厂价格	2012-05-07 20:00:00
618	15万-25万	12.58	15.78	12.58,12.98,15.38,15.78,	官方出厂价格	2012-05-07 20:00:00
678	25万-35万	27.68	30.68	27.68,30.68,	官方出厂价格	2012-05-07 20:00:00
814	5万-15万	5.49	6.39	5.49,5.69,5.79,6.19,6.39,	官方出厂价格	2012-05-07 20:00:00
248	5万-15万	6.98	8.98	6.98,7.08,7.98,8.08,8.88,8.98,	官方出厂价格	2012-05-07 20:00:00
646	5万-15万	10000	0	,	官方出厂价格	2012-05-07 20:00:00
280	55万以上	339.00	345.00	339.00,345.00,	官方出厂价格	2012-05-07 20:00:00
304	55万以上	449.90	489.90	449.90,459.90,479.90,489.90,	官方出厂价格	2012-05-07 20:00:00
816	55万以上	368.80	368.80	368.80,	官方出厂价格	2012-05-07 20:00:00
790	55万以上	329.00	329.00	329.00,	官方出厂价格	2012-05-07 20:00:00
651	55万以上	239.00	318.00	298.00,318.00,239.00,249.00,	官方出厂价格	2012-05-07 20:00:00
890	55万以上	430.00	456.00	430.00,456.00,	官方出厂价格	2012-05-07 20:00:00
303	55万以上	49.39	67.00	52.50,57.80,66.00,59.80,62.80,49.98,58.50,63.00,52.50,56.80,67.00,49.39,52.80,57.80,59.80,	官方出厂价格	2012-05-07 20:00:00
314	55万以上	72.80	95.80	72.80,81.80,95.80,	官方出厂价格	2012-05-07 20:00:00
302	55万以上	232.80	262.80	262.80,232.80,249.80,	官方出厂价格	2012-05-07 20:00:00
1669	55万以上	71.80	99.80	75.80,85.80,72.80,84.80,71.80,99.80,	官方出厂价格	2012-05-07 20:00:00
260	55万以上	51.90	60.70	51.90,56.50,54.60,59.20,58.00,60.70,	官方出厂价格	2012-05-07 20:00:00
1670	55万以上	66.20	70.80	66.20,70.80,	官方出厂价格	2012-05-07 20:00:00
282	55万以上	112.80	203.90	112.80,193.70,118.60,203.90,	官方出厂价格	2012-05-07 20:00:00
1673	55万以上	229.80	229.80	229.80,	官方出厂价格	2012-05-07 20:00:00
261	55万以上	57.80	92.80	57.80,66.90,78.80,90.60,90.60,92.80,58.90,61.28,67.60,73.80,78.80,83.80,	官方出厂价格	2012-05-07 20:00:00
604	55万以上	70.40	107.20	73.20,97.60,82.13,107.20,70.40,93.40,	官方出厂价格	2012-05-07 20:00:00
262	55万以上	147.60	278.51	147.60,167.10,163.90,183.30,149.96,163.03,152.70,170.20,170.10,167.20,184.70,182.50,178.60,191.30,162.40,179.90,235.00,263.98,249.30,278.51,156.90,174.40,	官方出厂价格	2012-05-07 20:00:00
658	55万以上	74.50	114.80	74.50,85.29,103.10,108.20,114.80,	官方出厂价格	2012-05-07 20:00:00
756	55万以上	113.98	308.80	113.98,122.43,172.80,185.40,197.78,257.75,308.80,	官方出厂价格	2012-05-07 20:00:00
308	55万以上	249.80	249.80	249.80,	官方出厂价格	2012-05-07 20:00:00
289	55万以上	76.80	96.80	76.80,96.80,	官方出厂价格	2012-05-07 20:00:00
1677	55万以上	177.80	182.80	177.80,182.80,	官方出厂价格	2012-05-07 20:00:00
276	55万以上	119.80	199.80	119.80,149.80,199.80,	官方出厂价格	2012-05-07 20:00:00
1678	55万以上	256.80	256.80	256.80,	官方出厂价格	2012-05-07 20:00:00
281	55万以上	60.80	93.80	60.80,69.80,93.80,	官方出厂价格	2012-05-07 20:00:00
1679	55万以上	129.90	129.90	129.90,	官方出厂价格	2012-05-07 20:00:00
320	55万以上	362.80	362.80	362.80,	官方出厂价格	2012-05-07 20:00:00
301	15万-25万	16.58	20.68	16.58,19.08,18.18,20.68,	官方出厂价格	2012-05-07 20:00:00
264	35万-45万	32.88	35.68	32.88,35.28,35.68,	官方出厂价格	2012-05-07 20:00:00
633	55万以上	298.00	568.00	298.00,328.00,368.00,518.00,568.00,498.00,408.00,358.00,378.00,	官方出厂价格	2012-05-07 20:00:00
293	55万以上	2500.00	2500.00	2500.00,	官方出厂价格	2012-05-07 20:00:00
298	45万-55万	45.92	45.92	45.92,	官方出厂价格	2012-05-07 20:00:00
749	25万-35万	23.58	39.88	23.58,29.80,33.00,33.37,36.02,39.88,	官方出厂价格	2012-05-07 20:00:00
806	55万以上	388.00	388.00	388.00,	官方出厂价格	2012-05-07 20:00:00
751	55万以上	348.80	348.80	348.80,	官方出厂价格	2012-05-07 20:00:00
300	55万以上	492.80	492.80	492.80,	官方出厂价格	2012-05-07 20:00:00
290	55万以上	569.80	569.80	569.80,	官方出厂价格	2012-05-07 20:00:00
272	55万以上	530.80	530.80	530.80,	官方出厂价格	2012-05-07 20:00:00
876	25万-35万	25.50	28.00	25.50,28.00,	官方出厂价格	2012-05-07 20:00:00
259	55万以上	56.80	138.80	56.80,58.80,67.80,69.80,84.80,86.80,97.80,99.80,109.80,128.80,118.80,138.80,	官方出厂价格	2012-05-07 20:00:00
843	55万以上	148.00	148.00	148.00,	官方出厂价格	2012-05-07 20:00:00
844	55万以上	66.80	66.80	66.80,	官方出厂价格	2012-05-07 20:00:00
673	55万以上	203.00	251.80	203.00,213.00,251.80,	官方出厂价格	2012-05-07 20:00:00
765	55万以上	2600.00	4700.00	4700.00,2600.00,	官方出厂价格	2012-05-07 20:00:00
891	55万以上	648.80	648.80	648.80,	官方出厂价格	2012-05-07 20:00:00
642	55万以上	348.00	490.00	348.00,358.00,388.00,398.00,428.00,490.00,488.00,477.80,	官方出厂价格	2012-05-07 20:00:00
626	55万以上	69.80	86.80	69.80,76.80,86.80,	官方出厂价格	2012-05-07 20:00:00
753	55万以上	124.80	368.00	124.80,129.80,136.80,141.80,368.00,	官方出厂价格	2012-05-07 20:00:00
807	55万以上	89.80	99.80	89.80,99.80,	官方出厂价格	2012-05-07 20:00:00
74	35万-45万	31.80	38.50	31.80,38.50,	官方出厂价格	2012-05-07 20:00:00
306	25万-35万	29.98	29.98	29.98,	官方出厂价格	2012-05-07 20:00:00
811	55万以上	268.80	278.80	278.80,268.80,	官方出厂价格	2012-05-07 20:00:00
708	55万以上	219.80	255.80	237.80,255.80,219.80,	官方出厂价格	2012-05-07 20:00:00
824	15万-25万	16.98	19.88	16.98,17.98,17.98,18.88,19.88,19.88,	官方出厂价格	2012-05-07 20:00:00
299	55万以上	150.50	150.50	150.50,	官方出厂价格	2012-05-07 20:00:00
726	55万以上	508.00	508.00	508.00,	官方出厂价格	2012-05-07 20:00:00
312	55万以上	428.00	428.00	428.00,	官方出厂价格	2012-05-07 20:00:00
296	55万以上	66.10	66.10	66.10,	官方出厂价格	2012-05-07 20:00:00
317	25万-35万	19.90	32.50	19.90,22.70,25.00,30.90,32.50,0.00,0.00,0.00,0.00,0.00,	官方出厂价格	2012-05-07 20:00:00
307	45万-55万	45.58	47.58	45.58,47.58,	官方出厂价格	2012-05-07 20:00:00
683	15万-25万	12.89	16.95	12.89,13.89,15.89,16.95,	官方出厂价格	2012-05-07 20:00:00
1531	5万-15万	7.08	12.08	7.08,7.18,7.78,7.88,8.88,8.98,9.88,9.98,10.28,10.38,11.28,11.38,7.98,8.08,9.08,9.18,10.58,10.68,10.48,10.58,11.98,12.08,	官方出厂价格	2012-05-07 20:00:00
1532	5万-15万	8.18	12.58	8.18,8.28,8.48,8.58,8.38,8.48,9.28,9.38,10.28,10.38,10.68,10.78,11.68,11.78,9.58,9.68,11.08,11.18,10.98,11.08,12.48,12.58,9.48,9.58,10.98,11.08,10.88,10.98,12.38,12.48,	官方出厂价格	2012-05-07 20:00:00
1684	5万-15万	6.18	7.48	6.18,6.48,6.98,7.38,6.28,6.58,7.08,7.48,6.38,	官方出厂价格	2012-05-07 20:00:00
1080	55万以上	65.00	72.00	65.00,68.00,72.00,	官方出厂价格	2012-05-07 20:00:00
1570	5万-15万	10.18	14.28	10.18,10.98,11.78,11.98,12.98,13.98,13.28,14.28,10.48,12.48,	官方出厂价格	2012-05-07 20:00:00
1337	5万-15万	7.98	12.48	7.98,8.88,9.68,9.98,10.98,12.18,12.48,8.38,10.38,10.98,11.98,	官方出厂价格	2012-05-07 20:00:00
1125	55万以上	61.80	61.80	61.80,	官方出厂价格	2012-05-07 20:00:00
356	55万以上	65.80	82.80	65.80,72.80,82.80,	官方出厂价格	2012-05-07 20:00:00
1606	5万-15万	5.98	9.98	5.98,7.68,6.88,7.98,7.98,9.98,	官方出厂价格	2012-05-07 20:00:00
1574	5万-15万	5.48	6.28	5.48,5.78,5.78,5.98,6.28,	官方出厂价格	2012-05-07 20:00:00
1572	5万-15万	6.28	8.98	6.98,6.28,8.78,6.48,7.38,8.98,7.58,7.18,	官方出厂价格	2012-05-07 20:00:00
1607	5万-15万	5.98	7.28	5.98,6.18,6.38,6.58,6.08,6.28,7.08,7.28,	官方出厂价格	2012-05-07 20:00:00
1571	5万-15万	7.88	11.98	8.08,9.78,8.88,9.68,11.98,7.88,9.38,8.78,8.88,10.18,11.78,	官方出厂价格	2012-05-07 20:00:00
1535	15万-25万	13.88	18.88	14.38,15.88,17.88,18.88,13.88,15.38,17.38,18.38,	官方出厂价格	2012-05-07 20:00:00
1630	5万-15万	5.39	5.99	5.59,5.39,5.99,5.79,	官方出厂价格	2012-05-07 20:00:00
1575	5万-15万	6.89	10.58	8.38,8.29,9.79,8.48,9.98,7.98,8.18,9.48,9.68,10.38,10.58,8.03,9.88,6.89,8.03,9.78,	官方出厂价格	2012-05-07 20:00:00
1542	5万以下	3.35	4.78	3.45,3.59,3.35,3.60,3.92,3.88,4.18,4.48,4.78,	官方出厂价格	2012-05-07 20:00:00
1621	5万以下	3.55	4.79	3.55,3.75,4.69,3.69,4.29,4.79,	官方出厂价格	2012-05-07 20:00:00
1668	5万以下	2.50	4.69	2.50,3.39,2.69,3.52,2.79,3.55,2.69,3.86,3.48,4.10,3.59,4.48,3.48,4.38,3.69,4.69,	官方出厂价格	2012-05-07 20:00:00
1667	5万-15万	4.59	5.59	4.59,4.99,5.19,5.59,	官方出厂价格	2012-05-07 20:00:00
1552	5万以下	2.88	3.58	2.88,3.18,3.15,3.58,	官方出厂价格	2012-05-07 20:00:00
1557	5万以下	3.78	5.88	3.78,4.08,3.78,4.08,3.98,4.28,4.40,4.70,4.08,4.38,4.88,5.18,5.58,5.88,	官方出厂价格	2012-05-07 20:00:00
1541	5万以下	3.68	4.98	3.68,3.88,4.28,4.28,4.48,4.68,4.98,	官方出厂价格	2012-05-07 20:00:00
1547	5万以下	4.13	4.63	4.13,4.43,4.63,	官方出厂价格	2012-05-07 20:00:00
1589	5万-15万	5.09	6.08	5.09,5.49,5.98,5.78,6.08,	官方出厂价格	2012-05-07 20:00:00
1549	5万以下	3.79	4.49	3.79,3.99,4.24,4.49,	官方出厂价格	2012-05-07 20:00:00
1548	5万以下	2.75	3.05	2.75,3.05,	官方出厂价格	2012-05-07 20:00:00
1551	5万以下	3.48	4.28	3.48,3.68,4.28,	官方出厂价格	2012-05-07 20:00:00
1554	5万以下	3.28	3.28	3.28,	官方出厂价格	2012-05-07 20:00:00
1546	5万以下	4.18	5.68	4.18,4.38,4.98,4.68,5.28,5.68,	官方出厂价格	2012-05-07 20:00:00
1540	5万以下	3.69	5.39	4.28,3.69,3.83,3.89,4.03,4.29,4.59,3.79,3.93,3.99,4.13,4.39,4.69,4.69,4.99,5.09,5.39,	官方出厂价格	2012-05-07 20:00:00
1588	5万-15万	4.98	5.35	4.98,5.20,5.25,5.35,	官方出厂价格	2012-05-07 20:00:00
1545	5万以下	3.68	4.58	3.68,4.08,4.58,	官方出厂价格	2012-05-07 20:00:00
1528	5万以下	4.03	5.73	4.03,4.29,4.85,5.30,5.73,	官方出厂价格	2012-05-07 20:00:00
1530	5万以下	2.98	4.80	3.28,2.98,4.60,2.98,4.60,2.98,4.60,2.98,4.60,2.98,4.60,2.98,4.60,4.03,4.48,4.03,4.48,4.03,4.48,4.03,4.48,4.28,4.68,4.28,4.68,4.70,4.70,4.22,4.48,4.22,4.48,4.38,4.78,4.38,4.78,4.80,4.80,	官方出厂价格	2012-05-07 20:00:00
1533	5万以下	3.62	4.88	3.62,3.78,4.18,4.88,	官方出厂价格	2012-05-07 20:00:00
1543	5万以下	3.98	3.98	3.98,	官方出厂价格	2012-05-07 20:00:00
